slako_comment=
Rh xc=PW92 charge=0.0 conf:quadratic r0=4.720
C xc=PW92 charge=0.0 conf:quadratic r0=2.692
Fri Apr  4 18:42:35 2014 


Rh_C_table=
5.000000e-01 0. 0. 0. 0. 0. -2.311382e-01 -2.050970e-01 0. 1.718789e-02 4.899429e-02 0. 0. 0. 0. 0. -3.038268e-01 -2.710870e-01 0. 1.150024e-01 -3.985369e-01
5.381526e-01 0. 0. 0. 0. 0. -1.975018e-01 -2.056127e-01 0. -1.150925e-02 1.069340e-01 0. 0. 0. 0. 0. -3.118322e-01 -2.737010e-01 0. 1.237177e-01 -4.034208e-01
5.763052e-01 0. 0. 0. 0. 0. -1.573255e-01 -2.034107e-01 0. -4.397339e-02 1.567220e-01 0. 0. 0. 0. 0. -3.202374e-01 -2.765266e-01 0. 1.322188e-01 -4.080692e-01
6.144578e-01 0. 0. 0. 0. 0. -1.120393e-01 -1.991957e-01 0. -7.910317e-02 1.972353e-01 0. 0. 0. 0. 0. -3.289469e-01 -2.794741e-01 0. 1.404626e-01 -4.123531e-01
6.526104e-01 0. 0. 0. 0. 0. -6.347231e-02 -1.923347e-01 0. -1.153065e-01 2.292729e-01 0. 0. 0. 0. 0. -3.378054e-01 -2.826895e-01 0. 1.483039e-01 -4.163521e-01
6.907631e-01 0. 0. 0. 0. 0. -1.309400e-02 -1.839683e-01 0. -1.516931e-01 2.527616e-01 0. 0. 0. 0. 0. -3.467305e-01 -2.859156e-01 0. 1.557476e-01 -4.198576e-01
7.289157e-01 0. 0. 0. 0. 0. 3.766824e-02 -1.735186e-01 0. -1.870178e-01 2.691352e-01 0. 0. 0. 0. 0. -3.555423e-01 -2.893925e-01 0. 1.626218e-01 -4.230686e-01
7.670683e-01 0. 0. 0. 0. 0. 8.788359e-02 -1.618213e-01 0. -2.206700e-01 2.789937e-01 0. 0. 0. 0. 0. -3.641538e-01 -2.928309e-01 0. 1.689315e-01 -4.257885e-01
8.052209e-01 0. 0. 0. 0. 0. 1.363851e-01 -1.486839e-01 0. -2.518180e-01 2.837908e-01 0. 0. 0. 0. 0. -3.724045e-01 -2.964567e-01 0. 1.745377e-01 -4.282298e-01
8.433735e-01 0. 0. 0. 0. 0. 1.822470e-01 -1.347426e-01 0. -2.799425e-01 2.843481e-01 0. 0. 0. 0. 0. -3.802089e-01 -3.000350e-01 0. 1.794426e-01 -4.302611e-01
8.815261e-01 0. 0. 0. 0. 0. 2.250469e-01 -1.200832e-01 0. -3.048377e-01 2.817133e-01 0. 0. 0. 0. 0. -3.874453e-01 -3.036663e-01 0. 1.835681e-01 -4.320022e-01
9.196787e-01 0. 0. 0. 0. 0. 2.643220e-01 -1.049084e-01 0. -3.262400e-01 2.767543e-01 0. 0. 0. 0. 0. -3.940105e-01 -3.072778e-01 0. 1.868747e-01 -4.334624e-01
9.578313e-01 0. 0. 0. 0. 0. 2.999772e-01 -8.945168e-02 0. -3.442110e-01 2.702191e-01 0. 0. 0. 0. 0. -3.998280e-01 -3.108497e-01 0. 1.893308e-01 -4.346923e-01
9.959839e-01 0. 0. 0. 0. 0. 3.314758e-01 -7.396234e-02 0. -3.585320e-01 2.627250e-01 0. 0. 0. 0. 0. -4.048198e-01 -3.143568e-01 0. 1.909400e-01 -4.356863e-01
1.034137e+00 0. 0. 0. 0. 0. 3.587204e-01 -5.854334e-02 0. -3.692285e-01 2.549543e-01 0. 0. 0. 0. 0. -4.089078e-01 -3.177393e-01 0. 1.916529e-01 -4.365203e-01
1.072289e+00 0. 0. 0. 0. 0. 3.819599e-01 -4.321341e-02 0. -3.766078e-01 2.472762e-01 0. 0. 0. 0. 0. -4.120323e-01 -3.210735e-01 0. 1.914699e-01 -4.372467e-01
1.110442e+00 0. 0. 0. 0. 0. 4.013573e-01 -2.836757e-02 0. -3.809057e-01 2.398300e-01 0. 0. 0. 0. 0. -4.141953e-01 -3.241983e-01 0. 1.904463e-01 -4.377973e-01
1.148594e+00 0. 0. 0. 0. 0. 4.166142e-01 -1.373856e-02 0. -3.819876e-01 2.332618e-01 0. 0. 0. 0. 0. -4.152765e-01 -3.272166e-01 0. 1.884928e-01 -4.383362e-01
1.186747e+00 0. 0. 0. 0. 0. 4.284294e-01 2.773814e-04 0. -3.805196e-01 2.272963e-01 0. 0. 0. 0. 0. -4.153473e-01 -3.300410e-01 0. 1.857435e-01 -4.387466e-01
1.224900e+00 0. 0. 0. 0. 0. 4.366425e-01 1.369333e-02 0. -3.764541e-01 2.222838e-01 0. 0. 0. 0. 0. -4.143460e-01 -3.326639e-01 0. 1.821505e-01 -4.391326e-01
1.263052e+00 0. 0. 0. 0. 0. 4.416919e-01 2.652794e-02 0. -3.701816e-01 2.182277e-01 0. 0. 0. 0. 0. -4.122748e-01 -3.351148e-01 0. 1.777538e-01 -4.395048e-01
1.301205e+00 0. 0. 0. 0. 0. 4.438469e-01 3.867726e-02 0. -3.619776e-01 2.150635e-01 0. 0. 0. 0. 0. -4.091638e-01 -3.372967e-01 0. 1.726404e-01 -4.397833e-01
1.339357e+00 0. 0. 0. 0. 0. 4.430167e-01 5.026897e-02 0. -3.518188e-01 2.130598e-01 0. 0. 0. 0. 0. -4.049450e-01 -3.393194e-01 0. 1.667315e-01 -4.401401e-01
1.377510e+00 0. 0. 0. 0. 0. 4.399303e-01 6.103327e-02 0. -3.402995e-01 2.117936e-01 0. 0. 0. 0. 0. -3.997478e-01 -3.410401e-01 0. 1.601945e-01 -4.404101e-01
1.415663e+00 0. 0. 0. 0. 0. 4.344986e-01 7.113857e-02 0. -3.274400e-01 2.114046e-01 0. 0. 0. 0. 0. -3.935219e-01 -3.425227e-01 0. 1.530196e-01 -4.406624e-01
1.453815e+00 0. 0. 0. 0. 0. 4.270061e-01 8.058331e-02 0. -3.134059e-01 2.118942e-01 0. 0. 0. 0. 0. -3.863027e-01 -3.437596e-01 0. 1.452235e-01 -4.409275e-01
1.491968e+00 0. 0. 0. 0. 0. 4.177869e-01 8.934346e-02 0. -2.985195e-01 2.130659e-01 0. 0. 0. 0. 0. -3.781335e-01 -3.447703e-01 0. 1.368753e-01 -4.411922e-01
1.530120e+00 0. 0. 0. 0. 0. 4.070730e-01 9.734888e-02 0. -2.829706e-01 2.147603e-01 0. 0. 0. 0. 0. -3.690956e-01 -3.454422e-01 0. 1.280811e-01 -4.413497e-01
1.568273e+00 0. 0. 0. 0. 0. 3.950323e-01 1.047421e-01 0. -2.668867e-01 2.170150e-01 0. 0. 0. 0. 0. -3.591782e-01 -3.459066e-01 0. 1.188158e-01 -4.415191e-01
1.606426e+00 0. 0. 0. 0. 0. 3.818640e-01 1.114939e-01 0. -2.504013e-01 2.197365e-01 0. 0. 0. 0. 0. -3.484377e-01 -3.461168e-01 0. 1.091325e-01 -4.416664e-01
1.644578e+00 0. 0. 0. 0. 0. 3.678027e-01 1.175597e-01 0. -2.337254e-01 2.227161e-01 0. 0. 0. 0. 0. -3.369695e-01 -3.460188e-01 0. 9.915068e-02 -4.416963e-01
1.682731e+00 0. 0. 0. 0. 0. 3.528923e-01 1.230463e-01 0. -2.168812e-01 2.260130e-01 0. 0. 0. 0. 0. -3.247614e-01 -3.456297e-01 0. 8.885255e-02 -4.416624e-01
1.720884e+00 0. 0. 0. 0. 0. 3.374428e-01 1.279697e-01 0. -2.000803e-01 2.294908e-01 0. 0. 0. 0. 0. -3.118960e-01 -3.450559e-01 0. 7.829109e-02 -4.415963e-01
1.759036e+00 0. 0. 0. 0. 0. 3.214510e-01 1.323424e-01 0. -1.833152e-01 2.331299e-01 0. 0. 0. 0. 0. -2.984117e-01 -3.441916e-01 0. 6.751834e-02 -4.414327e-01
1.797189e+00 0. 0. 0. 0. 0. 3.051984e-01 1.361690e-01 0. -1.668090e-01 2.367437e-01 0. 0. 0. 0. 0. -2.844017e-01 -3.430571e-01 0. 5.662592e-02 -4.411312e-01
1.835341e+00 0. 0. 0. 0. 0. 2.886903e-01 1.394690e-01 0. -1.505125e-01 2.403776e-01 0. 0. 0. 0. 0. -2.699011e-01 -3.416472e-01 0. 4.561654e-02 -4.407126e-01
1.873494e+00 0. 0. 0. 0. 0. 2.720429e-01 1.423549e-01 0. -1.345326e-01 2.440005e-01 0. 0. 0. 0. 0. -2.549226e-01 -3.400652e-01 0. 3.450101e-02 -4.402279e-01
1.911647e+00 0. 0. 0. 0. 0. 2.553989e-01 1.447767e-01 0. -1.189640e-01 2.474782e-01 0. 0. 0. 0. 0. -2.395687e-01 -3.382269e-01 0. 2.337867e-02 -4.395862e-01
1.949799e+00 0. 0. 0. 0. 0. 2.388044e-01 1.467554e-01 0. -1.037929e-01 2.508197e-01 0. 0. 0. 0. 0. -2.238819e-01 -3.361059e-01 0. 1.226360e-02 -4.387830e-01
1.987952e+00 0. 0. 0. 0. 0. 2.223253e-01 1.483462e-01 0. -8.908604e-02 2.539811e-01 0. 0. 0. 0. 0. -2.079203e-01 -3.337938e-01 0. 1.206028e-03 -4.378345e-01
2.026104e+00 0. 0. 0. 0. 0. 2.060297e-01 1.495946e-01 0. -7.483199e-02 2.569877e-01 0. 0. 0. 0. 0. -1.917117e-01 -3.312774e-01 0. -9.802605e-03 -4.367555e-01
2.064257e+00 0. 0. 0. 0. 0. 1.899858e-01 1.504920e-01 0. -6.112383e-02 2.597316e-01 0. 0. 0. 0. 0. -1.753329e-01 -3.285653e-01 0. -2.067500e-02 -4.354995e-01
2.102410e+00 0. 0. 0. 0. 0. 1.742432e-01 1.510409e-01 0. -4.793919e-02 2.622198e-01 0. 0. 0. 0. 0. -1.588248e-01 -3.255984e-01 0. -3.140509e-02 -4.340546e-01
2.140562e+00 0. 0. 0. 0. 0. 1.588326e-01 1.513018e-01 0. -3.528293e-02 2.644591e-01 0. 0. 0. 0. 0. -1.422445e-01 -3.224626e-01 0. -4.196038e-02 -4.324370e-01
2.178715e+00 0. 0. 0. 0. 0. 1.438081e-01 1.513182e-01 0. -2.320469e-02 2.664274e-01 0. 0. 0. 0. 0. -1.256125e-01 -3.191952e-01 0. -5.232867e-02 -4.306683e-01
2.216867e+00 0. 0. 0. 0. 0. 1.291552e-01 1.510598e-01 0. -1.164178e-02 2.681329e-01 0. 0. 0. 0. 0. -1.089843e-01 -3.157091e-01 0. -6.248507e-02 -4.287049e-01
2.255020e+00 0. 0. 0. 0. 0. 1.149536e-01 1.505463e-01 0. -6.958290e-04 2.694861e-01 0. 0. 0. 0. 0. -9.243917e-02 -3.120526e-01 0. -7.234528e-02 -4.265173e-01
2.293173e+00 0. 0. 0. 0. 0. 1.011552e-01 1.498352e-01 0. 9.756206e-03 2.706175e-01 0. 0. 0. 0. 0. -7.594914e-02 -3.082561e-01 0. -8.199525e-02 -4.241883e-01
2.331325e+00 0. 0. 0. 0. 0. 8.782434e-02 1.489432e-01 0. 1.963885e-02 2.714462e-01 0. 0. 0. 0. 0. -5.960673e-02 -3.043427e-01 0. -9.134159e-02 -4.216642e-01
2.369478e+00 0. 0. 0. 0. 0. 7.493919e-02 1.478456e-01 0. 2.899722e-02 2.719817e-01 0. 0. 0. 0. 0. -4.344417e-02 -3.002503e-01 0. -1.003733e-01 -4.189237e-01
2.407631e+00 0. 0. 0. 0. 0. 6.252900e-02 1.466004e-01 0. 3.781516e-02 2.722487e-01 0. 0. 0. 0. 0. -2.745715e-02 -2.960734e-01 0. -1.091183e-01 -4.160336e-01
2.445783e+00 0. 0. 0. 0. 0. 5.064004e-02 1.451628e-01 0. 4.606650e-02 2.721722e-01 0. 0. 0. 0. 0. -1.175165e-02 -2.917277e-01 0. -1.174831e-01 -4.129007e-01
2.483936e+00 0. 0. 0. 0. 0. 3.918142e-02 1.436369e-01 0. 5.385880e-02 2.718921e-01 0. 0. 0. 0. 0. 3.726598e-03 -2.873243e-01 0. -1.255553e-01 -4.096326e-01
2.522088e+00 0. 0. 0. 0. 0. 2.818919e-02 1.419796e-01 0. 6.116589e-02 2.713498e-01 0. 0. 0. 0. 0. 1.890857e-02 -2.828094e-01 0. -1.332802e-01 -4.061777e-01
2.560241e+00 0. 0. 0. 0. 0. 1.770724e-02 1.401902e-01 0. 6.794464e-02 2.704956e-01 0. 0. 0. 0. 0. 3.371877e-02 -2.781799e-01 0. -1.405909e-01 -4.024961e-01
2.598394e+00 0. 0. 0. 0. 0. 7.651548e-03 1.383121e-01 0. 7.429860e-02 2.694493e-01 0. 0. 0. 0. 0. 4.824028e-02 -2.734946e-01 0. -1.476016e-01 -3.986952e-01
2.636546e+00 0. 0. 0. 0. 0. -1.917224e-03 1.363474e-01 0. 8.017110e-02 2.681390e-01 0. 0. 0. 0. 0. 6.236673e-02 -2.687380e-01 0. -1.542136e-01 -3.947032e-01
2.674699e+00 0. 0. 0. 0. 0. -1.105651e-02 1.343155e-01 0. 8.563764e-02 2.666251e-01 0. 0. 0. 0. 0. 7.610506e-02 -2.639129e-01 0. -1.604615e-01 -3.905465e-01
2.712851e+00 0. 0. 0. 0. 0. -1.973015e-02 1.322192e-01 0. 9.066299e-02 2.648883e-01 0. 0. 0. 0. 0. 8.944126e-02 -2.590516e-01 0. -1.663387e-01 -3.862421e-01
2.751004e+00 0. 0. 0. 0. 0. -2.796808e-02 1.300485e-01 0. 9.528550e-02 2.629393e-01 0. 0. 0. 0. 0. 1.023464e-01 -2.541222e-01 0. -1.718367e-01 -3.817725e-01
2.789157e+00 0. 0. 0. 0. 0. -3.574769e-02 1.278164e-01 0. 9.949019e-02 2.607685e-01 0. 0. 0. 0. 0. 1.147866e-01 -2.491466e-01 0. -1.769334e-01 -3.771377e-01
2.827309e+00 0. 0. 0. 0. 0. -4.317124e-02 1.255683e-01 0. 1.033829e-01 2.584801e-01 0. 0. 0. 0. 0. 1.268282e-01 -2.441671e-01 0. -1.817157e-01 -3.724094e-01
2.865462e+00 0. 0. 0. 0. 0. -5.015400e-02 1.232791e-01 0. 1.068842e-01 2.559830e-01 0. 0. 0. 0. 0. 1.383617e-01 -2.391508e-01 0. -1.860834e-01 -3.675135e-01
2.903614e+00 0. 0. 0. 0. 0. -5.674166e-02 1.209504e-01 0. 1.100425e-01 2.533218e-01 0. 0. 0. 0. 0. 1.494258e-01 -2.341062e-01 0. -1.900864e-01 -3.624909e-01
2.941767e+00 0. 0. 0. 0. 0. -6.295834e-02 1.186132e-01 0. 1.128877e-01 2.505290e-01 0. 0. 0. 0. 0. 1.600167e-01 -2.290735e-01 0. -1.937385e-01 -3.573635e-01
2.979920e+00 0. 0. 0. 0. 0. -6.880162e-02 1.162368e-01 0. 1.154182e-01 2.475912e-01 0. 0. 0. 0. 0. 1.701357e-01 -2.240185e-01 0. -1.970436e-01 -3.521283e-01
3.018072e+00 0. 0. 0. 0. 0. -7.426431e-02 1.138596e-01 0. 1.176381e-01 2.445082e-01 0. 0. 0. 0. 0. 1.797188e-01 -2.189685e-01 0. -1.999602e-01 -3.467638e-01
3.056225e+00 0. 0. 0. 0. 0. -7.941057e-02 1.114845e-01 0. 1.196048e-01 2.413403e-01 0. 0. 0. 0. 0. 1.888541e-01 -2.139379e-01 0. -2.025748e-01 -3.413361e-01
3.094378e+00 0. 0. 0. 0. 0. -8.418952e-02 1.091116e-01 0. 1.212783e-01 2.380427e-01 0. 0. 0. 0. 0. 1.974584e-01 -2.089282e-01 0. -2.048223e-01 -3.358029e-01
3.132530e+00 0. 0. 0. 0. 0. -8.863404e-02 1.067171e-01 0. 1.226877e-01 2.346299e-01 0. 0. 0. 0. 0. 2.055576e-01 -2.039135e-01 0. -2.067307e-01 -3.301775e-01
3.170683e+00 0. 0. 0. 0. 0. -9.279617e-02 1.043467e-01 0. 1.238849e-01 2.311640e-01 0. 0. 0. 0. 0. 2.131967e-01 -1.989541e-01 0. -2.083540e-01 -3.245129e-01
3.208835e+00 0. 0. 0. 0. 0. -9.664512e-02 1.019698e-01 0. 1.248417e-01 2.275962e-01 0. 0. 0. 0. 0. 2.203147e-01 -1.939986e-01 0. -2.096394e-01 -3.187587e-01
3.246988e+00 0. 0. 0. 0. 0. -1.001882e-01 9.961934e-02 0. 1.255731e-01 2.239564e-01 0. 0. 0. 0. 0. 2.269373e-01 -1.890933e-01 0. -2.106183e-01 -3.129523e-01
3.285141e+00 0. 0. 0. 0. 0. -1.034442e-01 9.728444e-02 0. 1.260951e-01 2.202475e-01 0. 0. 0. 0. 0. 2.330554e-01 -1.842308e-01 0. -2.112905e-01 -3.070895e-01
3.323293e+00 0. 0. 0. 0. 0. -1.064848e-01 9.497226e-02 0. 1.264690e-01 2.165262e-01 0. 0. 0. 0. 0. 2.387566e-01 -1.794192e-01 0. -2.117347e-01 -3.012235e-01
3.361446e+00 0. 0. 0. 0. 0. -1.091900e-01 9.265225e-02 0. 1.265974e-01 2.126897e-01 0. 0. 0. 0. 0. 2.438957e-01 -1.746232e-01 0. -2.118288e-01 -2.952669e-01
3.399598e+00 0. 0. 0. 0. 0. -1.117115e-01 9.037086e-02 0. 1.266090e-01 2.088681e-01 0. 0. 0. 0. 0. 2.486396e-01 -1.699004e-01 0. -2.117229e-01 -2.893308e-01
3.437751e+00 0. 0. 0. 0. 0. -1.139695e-01 8.812374e-02 0. 1.264416e-01 2.050009e-01 0. 0. 0. 0. 0. 2.528991e-01 -1.652424e-01 0. -2.113447e-01 -2.833669e-01
3.475904e+00 0. 0. 0. 0. 0. -1.159876e-01 8.589917e-02 0. 1.261139e-01 2.010941e-01 0. 0. 0. 0. 0. 2.566825e-01 -1.606321e-01 0. -2.107038e-01 -2.773748e-01
3.514056e+00 0. 0. 0. 0. 0. -1.177941e-01 8.368761e-02 0. 1.256489e-01 1.971685e-01 0. 0. 0. 0. 0. 2.600397e-01 -1.560733e-01 0. -2.098435e-01 -2.713840e-01
3.552209e+00 0. 0. 0. 0. 0. -1.194053e-01 8.152183e-02 0. 1.250657e-01 1.932453e-01 0. 0. 0. 0. 0. 2.629754e-01 -1.515944e-01 0. -2.087729e-01 -2.654056e-01
3.590361e+00 0. 0. 0. 0. 0. -1.207923e-01 7.937332e-02 0. 1.243391e-01 1.892941e-01 0. 0. 0. 0. 0. 2.654658e-01 -1.471747e-01 0. -2.074725e-01 -2.594224e-01
3.628514e+00 0. 0. 0. 0. 0. -1.220038e-01 7.726133e-02 0. 1.235106e-01 1.853527e-01 0. 0. 0. 0. 0. 2.675677e-01 -1.428245e-01 0. -2.059902e-01 -2.534646e-01
3.666667e+00 0. 0. 0. 0. 0. -1.230243e-01 7.518786e-02 0. 1.225701e-01 1.814078e-01 0. 0. 0. 0. 0. 2.692474e-01 -1.385466e-01 0. -2.043016e-01 -2.475164e-01
3.704819e+00 0. 0. 0. 0. 0. -1.238979e-01 7.314685e-02 0. 1.215515e-01 1.774909e-01 0. 0. 0. 0. 0. 2.705824e-01 -1.343472e-01 0. -2.024687e-01 -2.416172e-01
3.742972e+00 0. 0. 0. 0. 0. -1.245510e-01 7.112660e-02 0. 1.203990e-01 1.735447e-01 0. 0. 0. 0. 0. 2.714804e-01 -1.302064e-01 0. -2.004179e-01 -2.357155e-01
3.781124e+00 0. 0. 0. 0. 0. -1.250697e-01 6.915287e-02 0. 1.191821e-01 1.696366e-01 0. 0. 0. 0. 0. 2.720462e-01 -1.261535e-01 0. -1.982342e-01 -2.298693e-01
3.819277e+00 0. 0. 0. 0. 0. -1.254561e-01 6.721389e-02 0. 1.179008e-01 1.657597e-01 0. 0. 0. 0. 0. 2.722805e-01 -1.221797e-01 0. -1.959180e-01 -2.240743e-01
3.857430e+00 0. 0. 0. 0. 0. -1.256691e-01 6.530388e-02 0. 1.165252e-01 1.618854e-01 0. 0. 0. 0. 0. 2.721482e-01 -1.182744e-01 0. -1.934405e-01 -2.183095e-01
3.895582e+00 0. 0. 0. 0. 0. -1.257493e-01 6.343141e-02 0. 1.150870e-01 1.580421e-01 0. 0. 0. 0. 0. 2.716976e-01 -1.144511e-01 0. -1.908403e-01 -2.126000e-01
3.933735e+00 0. 0. 0. 0. 0. -1.257422e-01 6.160065e-02 0. 1.136207e-01 1.542580e-01 0. 0. 0. 0. 0. 2.709868e-01 -1.107152e-01 0. -1.881607e-01 -2.069708e-01
3.971888e+00 0. 0. 0. 0. 0. -1.255619e-01 5.980623e-02 0. 1.120644e-01 1.504763e-01 0. 0. 0. 0. 0. 2.699192e-01 -1.070547e-01 0. -1.853273e-01 -2.013731e-01
4.010040e+00 0. 0. 0. 0. 0. -1.252850e-01 5.803711e-02 0. 1.104717e-01 1.467413e-01 0. 0. 0. 0. 0. 2.686024e-01 -1.034707e-01 0. -1.824199e-01 -1.958531e-01
4.048193e+00 0. 0. 0. 0. 0. -1.248723e-01 5.630529e-02 0. 1.088180e-01 1.430300e-01 0. 0. 0. 0. 0. 2.669848e-01 -9.996339e-02 0. -1.793993e-01 -1.903853e-01
4.086345e+00 0. 0. 0. 0. 0. -1.244057e-01 5.462388e-02 0. 1.071628e-01 1.393970e-01 0. 0. 0. 0. 0. 2.651713e-01 -9.655534e-02 0. -1.763432e-01 -1.850198e-01
4.124498e+00 0. 0. 0. 0. 0. -1.237893e-01 5.297117e-02 0. 1.054363e-01 1.357751e-01 0. 0. 0. 0. 0. 2.630603e-01 -9.321876e-02 0. -1.731738e-01 -1.797018e-01
4.162651e+00 0. 0. 0. 0. 0. -1.230815e-01 5.134796e-02 0. 1.036802e-01 1.321990e-01 0. 0. 0. 0. 0. 2.607281e-01 -8.995782e-02 0. -1.699455e-01 -1.744623e-01
4.200803e+00 0. 0. 0. 0. 0. -1.223183e-01 4.977297e-02 0. 1.019218e-01 1.286938e-01 0. 0. 0. 0. 0. 2.582148e-01 -8.679075e-02 0. -1.666874e-01 -1.693208e-01
4.238956e+00 0. 0. 0. 0. 0. -1.214572e-01 4.822943e-02 0. 1.001301e-01 1.252281e-01 0. 0. 0. 0. 0. 2.554834e-01 -8.369907e-02 0. -1.633697e-01 -1.642531e-01
4.277108e+00 0. 0. 0. 0. 0. -1.205153e-01 4.671591e-02 0. 9.831663e-02 1.218100e-01 0. 0. 0. 0. 0. 2.525637e-01 -8.068208e-02 0. -1.600114e-01 -1.592682e-01
4.315261e+00 0. 0. 0. 0. 0. -1.195018e-01 4.523887e-02 0. 9.648899e-02 1.184470e-01 0. 0. 0. 0. 0. 2.494729e-01 -7.774875e-02 0. -1.566239e-01 -1.543736e-01
4.353414e+00 0. 0. 0. 0. 0. -1.183971e-01 4.380270e-02 0. 9.463527e-02 1.151263e-01 0. 0. 0. 0. 0. 2.461882e-01 -7.489460e-02 0. -1.531894e-01 -1.495547e-01
4.391566e+00 0. 0. 0. 0. 0. -1.172760e-01 4.240373e-02 0. 9.280453e-02 1.118890e-01 0. 0. 0. 0. 0. 2.428107e-01 -7.212713e-02 0. -1.497764e-01 -1.448517e-01
4.429719e+00 0. 0. 0. 0. 0. -1.160565e-01 4.103171e-02 0. 9.094090e-02 1.086839e-01 0. 0. 0. 0. 0. 2.392531e-01 -6.942862e-02 0. -1.463213e-01 -1.402211e-01
4.467871e+00 0. 0. 0. 0. 0. -1.147738e-01 3.969058e-02 0. 8.906877e-02 1.055312e-01 0. 0. 0. 0. 0. 2.355640e-01 -6.680355e-02 0. -1.428556e-01 -1.356805e-01
4.506024e+00 0. 0. 0. 0. 0. -1.134651e-01 3.839533e-02 0. 8.721456e-02 1.024535e-01 0. 0. 0. 0. 0. 2.317811e-01 -6.426598e-02 0. -1.394049e-01 -1.312451e-01
4.544177e+00 0. 0. 0. 0. 0. -1.120969e-01 3.712049e-02 0. 8.535235e-02 9.942413e-02 0. 0. 0. 0. 0. 2.278908e-01 -6.179186e-02 0. -1.359548e-01 -1.268997e-01
4.582329e+00 0. 0. 0. 0. 0. -1.106823e-01 3.588857e-02 0. 8.349405e-02 9.645524e-02 0. 0. 0. 0. 0. 2.238985e-01 -5.939991e-02 0. -1.325096e-01 -1.226486e-01
4.620482e+00 0. 0. 0. 0. 0. -1.092271e-01 3.468198e-02 0. 8.164114e-02 9.354402e-02 0. 0. 0. 0. 0. 2.198288e-01 -5.707656e-02 0. -1.290818e-01 -1.184941e-01
4.658635e+00 0. 0. 0. 0. 0. -1.077441e-01 3.351430e-02 0. 7.980309e-02 9.069838e-02 0. 0. 0. 0. 0. 2.156903e-01 -5.483019e-02 0. -1.256764e-01 -1.144383e-01
4.696787e+00 0. 0. 0. 0. 0. -1.061924e-01 3.237245e-02 0. 7.795214e-02 8.789324e-02 0. 0. 0. 0. 0. 2.114553e-01 -5.264725e-02 0. -1.222713e-01 -1.104642e-01
4.734940e+00 0. 0. 0. 0. 0. -1.046495e-01 3.125955e-02 0. 7.613780e-02 8.516795e-02 0. 0. 0. 0. 0. 2.072142e-01 -5.053655e-02 0. -1.189245e-01 -1.066045e-01
4.773092e+00 0. 0. 0. 0. 0. -1.030411e-01 3.017896e-02 0. 7.431318e-02 8.248344e-02 0. 0. 0. 0. 0. 2.028838e-01 -4.849206e-02 0. -1.155797e-01 -1.028238e-01
4.811245e+00 0. 0. 0. 0. 0. -1.014445e-01 2.912990e-02 0. 7.252673e-02 7.987737e-02 0. 0. 0. 0. 0. 1.985599e-01 -4.651716e-02 0. -1.122964e-01 -9.915459e-02
4.849398e+00 0. 0. 0. 0. 0. -9.980956e-02 2.811305e-02 0. 7.074681e-02 7.732328e-02 0. 0. 0. 0. 0. 1.941874e-01 -4.460945e-02 0. -1.090375e-01 -9.557339e-02
4.887550e+00 0. 0. 0. 0. 0. -9.814384e-02 2.712001e-02 0. 6.897650e-02 7.482182e-02 0. 0. 0. 0. 0. 1.897889e-01 -4.276144e-02 0. -1.058144e-01 -9.208334e-02
4.925703e+00 0. 0. 0. 0. 0. -9.645273e-02 2.615216e-02 0. 6.721971e-02 7.237498e-02 0. 0. 0. 0. 0. 1.853720e-01 -4.097472e-02 0. -1.026304e-01 -8.868465e-02
4.963855e+00 0. 0. 0. 0. 0. -9.477484e-02 2.521930e-02 0. 6.550048e-02 7.000113e-02 0. 0. 0. 0. 0. 1.809760e-01 -3.925413e-02 0. -9.950864e-02 -8.538918e-02
5.002008e+00 0. 0. 0. 0. 0. -9.306791e-02 2.431127e-02 0. 6.379127e-02 6.767675e-02 0. 0. 0. 0. 0. 1.765650e-01 -3.759168e-02 0. -9.642412e-02 -8.217960e-02
5.040161e+00 0. 0. 0. 0. 0. -9.136052e-02 2.342971e-02 0. 6.210973e-02 6.541452e-02 0. 0. 0. 0. 0. 1.721737e-01 -3.598826e-02 0. -9.339643e-02 -7.906523e-02
5.078313e+00 0. 0. 0. 0. 0. -8.962382e-02 2.257165e-02 0. 6.043721e-02 6.319879e-02 0. 0. 0. 0. 0. 1.677759e-01 -3.443930e-02 0. -9.040727e-02 -7.603319e-02
5.116466e+00 0. 0. 0. 0. 0. -8.789432e-02 2.174015e-02 0. 5.879598e-02 6.104568e-02 0. 0. 0. 0. 0. 1.634132e-01 -3.294654e-02 0. -8.748055e-02 -7.309525e-02
5.154618e+00 0. 0. 0. 0. 0. -8.616226e-02 2.093853e-02 0. 5.718013e-02 5.895004e-02 0. 0. 0. 0. 0. 1.590738e-01 -3.151167e-02 0. -8.460739e-02 -7.024519e-02
5.192771e+00 0. 0. 0. 0. 0. -8.443104e-02 2.015767e-02 0. 5.558990e-02 5.690980e-02 0. 0. 0. 0. 0. 1.547713e-01 -3.012716e-02 0. -8.179372e-02 -6.748298e-02
5.230924e+00 0. 0. 0. 0. 0. -8.268818e-02 1.939810e-02 0. 5.401768e-02 5.491870e-02 0. 0. 0. 0. 0. 1.504967e-01 -2.879213e-02 0. -7.903199e-02 -6.480290e-02
5.269076e+00 0. 0. 0. 0. 0. -8.095619e-02 1.866790e-02 0. 5.247738e-02 5.298670e-02 0. 0. 0. 0. 0. 1.462673e-01 -2.751163e-02 0. -7.633176e-02 -6.220938e-02
5.307229e+00 0. 0. 0. 0. 0. -7.922479e-02 1.796142e-02 0. 5.096184e-02 5.110663e-02 0. 0. 0. 0. 0. 1.420791e-01 -2.627952e-02 0. -7.368848e-02 -5.969707e-02
5.345382e+00 0. 0. 0. 0. 0. -7.749787e-02 1.727115e-02 0. 4.947133e-02 4.927740e-02 0. 0. 0. 0. 0. 1.379459e-01 -2.509101e-02 0. -7.110791e-02 -5.726688e-02
5.383534e+00 0. 0. 0. 0. 0. -7.576584e-02 1.660313e-02 0. 4.800131e-02 4.749501e-02 0. 0. 0. 0. 0. 1.338528e-01 -2.394855e-02 0. -6.858031e-02 -5.491238e-02
5.421687e+00 0. 0. 0. 0. 0. -7.405602e-02 1.596111e-02 0. 4.656718e-02 4.577007e-02 0. 0. 0. 0. 0. 1.298255e-01 -2.285336e-02 0. -6.611954e-02 -5.263969e-02
5.459839e+00 0. 0. 0. 0. 0. -7.236157e-02 1.534030e-02 0. 4.516379e-02 4.409748e-02 0. 0. 0. 0. 0. 1.258626e-01 -2.180205e-02 0. -6.372278e-02 -5.044532e-02
5.497992e+00 0. 0. 0. 0. 0. -7.066878e-02 1.473662e-02 0. 4.378255e-02 4.246972e-02 0. 0. 0. 0. 0. 1.219553e-01 -2.079050e-02 0. -6.138309e-02 -4.832341e-02
5.536145e+00 0. 0. 0. 0. 0. -6.897612e-02 1.415265e-02 0. 4.242223e-02 4.088528e-02 0. 0. 0. 0. 0. 1.181005e-01 -1.981918e-02 0. -5.909750e-02 -4.627104e-02
5.574297e+00 0. 0. 0. 0. 0. -6.732274e-02 1.359142e-02 0. 4.110505e-02 3.935931e-02 0. 0. 0. 0. 0. 1.143339e-01 -1.889010e-02 0. -5.688551e-02 -4.429764e-02
5.612450e+00 0. 0. 0. 0. 0. -6.564964e-02 1.304500e-02 0. 3.979588e-02 3.786533e-02 0. 0. 0. 0. 0. 1.106085e-01 -1.799526e-02 0. -5.471785e-02 -4.238494e-02
5.650602e+00 0. 0. 0. 0. 0. -6.401769e-02 1.252178e-02 0. 3.853003e-02 3.642810e-02 0. 0. 0. 0. 0. 1.069720e-01 -1.714108e-02 0. -5.262153e-02 -4.054710e-02
5.688755e+00 0. 0. 0. 0. 0. -6.238791e-02 1.201209e-02 0. 3.728345e-02 3.502912e-02 0. 0. 0. 0. 0. 1.033990e-01 -1.631933e-02 0. -5.057977e-02 -3.877261e-02
5.726908e+00 0. 0. 0. 0. 0. -6.078169e-02 1.152070e-02 0. 3.606849e-02 3.367660e-02 0. 0. 0. 0. 0. 9.990369e-02 -1.553319e-02 0. -4.859999e-02 -3.706476e-02
5.765060e+00 0. 0. 0. 0. 0. -5.919938e-02 1.104884e-02 0. 3.488474e-02 3.236939e-02 0. 0. 0. 0. 0. 9.648569e-02 -1.478145e-02 0. -4.668069e-02 -3.542127e-02
5.803213e+00 0. 0. 0. 0. 0. -5.763126e-02 1.059318e-02 0. 3.372609e-02 3.110222e-02 0. 0. 0. 0. 0. 9.313899e-02 -1.406142e-02 0. -4.481713e-02 -3.383813e-02
5.841365e+00 0. 0. 0. 0. 0. -5.607921e-02 1.015286e-02 0. 3.259274e-02 2.987443e-02 0. 0. 0. 0. 0. 8.986501e-02 -1.337206e-02 0. -4.300910e-02 -3.231393e-02
5.879518e+00 0. 0. 0. 0. 0. -5.455495e-02 9.728741e-03 0. 3.149100e-02 2.868960e-02 0. 0. 0. 0. 0. 8.667305e-02 -1.271324e-02 0. -4.126072e-02 -3.084978e-02
5.917671e+00 0. 0. 0. 0. 0. -5.304350e-02 9.317528e-03 0. 3.041155e-02 2.754033e-02 0. 0. 0. 0. 0. 8.355286e-02 -1.208151e-02 0. -3.956501e-02 -2.944037e-02
5.955823e+00 0. 0. 0. 0. 0. -5.156783e-02 8.924854e-03 0. 2.936709e-02 2.643497e-02 0. 0. 0. 0. 0. 8.051827e-02 -1.148009e-02 0. -3.792908e-02 -2.808895e-02
5.993976e+00 0. 0. 0. 0. 0. -5.009210e-02 8.542754e-03 0. 2.833697e-02 2.535826e-02 0. 0. 0. 0. 0. 7.754513e-02 -1.090273e-02 0. -3.633810e-02 -2.678585e-02
6.032129e+00 0. 0. 0. 0. 0. -4.866234e-02 8.178153e-03 0. 2.734624e-02 2.432686e-02 0. 0. 0. 0. 0. 7.466486e-02 -1.035360e-02 0. -3.480894e-02 -2.553950e-02
6.070281e+00 0. 0. 0. 0. 0. -4.724471e-02 7.825106e-03 0. 2.637547e-02 2.332657e-02 0. 0. 0. 0. 0. 7.185368e-02 -9.828206e-03 0. -3.332736e-02 -2.434093e-02
6.108434e+00 0. 0. 0. 0. 0. -4.584808e-02 7.483320e-03 0. 2.542891e-02 2.235963e-02 0. 0. 0. 0. 0. 6.911930e-02 -9.325220e-03 0. -3.189656e-02 -2.319072e-02
6.146586e+00 0. 0. 0. 0. 0. -4.448531e-02 7.158295e-03 0. 2.451375e-02 2.143050e-02 0. 0. 0. 0. 0. 6.646504e-02 -8.847616e-03 0. -3.051802e-02 -2.208921e-02
6.184739e+00 0. 0. 0. 0. 0. -4.313876e-02 6.843561e-03 0. 2.361922e-02 2.053096e-02 0. 0. 0. 0. 0. 6.388185e-02 -8.390694e-03 0. -2.918568e-02 -2.103174e-02
6.222892e+00 0. 0. 0. 0. 0. -4.182099e-02 6.541612e-03 0. 2.275197e-02 1.966498e-02 0. 0. 0. 0. 0. 6.137560e-02 -7.955710e-03 0. -2.790217e-02 -2.001908e-02
6.261044e+00 0. 0. 0. 0. 0. -4.052088e-02 6.250510e-03 0. 2.190541e-02 1.882750e-02 0. 0. 0. 0. 0. 5.893858e-02 -7.540599e-03 0. -2.666254e-02 -1.904760e-02
6.299197e+00 0. 0. 0. 0. 0. -3.925711e-02 5.971201e-03 0. 2.108893e-02 1.802403e-02 0. 0. 0. 0. 0. 5.658316e-02 -7.145188e-03 0. -2.547277e-02 -1.811954e-02
6.337349e+00 0. 0. 0. 0. 0. -3.801356e-02 5.703511e-03 0. 2.029384e-02 1.724836e-02 0. 0. 0. 0. 0. 5.429541e-02 -6.768792e-03 0. -2.432485e-02 -1.723002e-02
6.375502e+00 0. 0. 0. 0. 0. -3.679686e-02 5.445282e-03 0. 1.952269e-02 1.650155e-02 0. 0. 0. 0. 0. 5.208095e-02 -6.410071e-03 0. -2.322106e-02 -1.637934e-02
6.413655e+00 0. 0. 0. 0. 0. -3.559977e-02 5.197089e-03 0. 1.877168e-02 1.578054e-02 0. 0. 0. 0. 0. 4.993232e-02 -6.068176e-03 0. -2.215691e-02 -1.556441e-02
6.451807e+00 0. 0. 0. 0. 0. -3.444301e-02 4.959863e-03 0. 1.805097e-02 1.509137e-02 0. 0. 0. 0. 0. 4.786301e-02 -5.743623e-03 0. -2.113899e-02 -1.478797e-02
6.489960e+00 0. 0. 0. 0. 0. -3.329384e-02 4.730391e-03 0. 1.734300e-02 1.442222e-02 0. 0. 0. 0. 0. 4.585035e-02 -5.433701e-03 0. -2.015476e-02 -1.404274e-02
6.528112e+00 0. 0. 0. 0. 0. -3.218574e-02 4.512431e-03 0. 1.666514e-02 1.378376e-02 0. 0. 0. 0. 0. 4.391353e-02 -5.140255e-03 0. -1.921397e-02 -1.333324e-02
6.566265e+00 0. 0. 0. 0. 0. -3.109936e-02 4.303256e-03 0. 1.600665e-02 1.316860e-02 0. 0. 0. 0. 0. 4.203971e-02 -4.861158e-03 0. -1.830931e-02 -1.265494e-02
6.604418e+00 0. 0. 0. 0. 0. -3.003460e-02 4.101034e-03 0. 1.536696e-02 1.257580e-02 0. 0. 0. 0. 0. 4.022902e-02 -4.595088e-03 0. -1.744033e-02 -1.200690e-02
6.642570e+00 0. 0. 0. 0. 0. -2.899729e-02 3.907870e-03 0. 1.474897e-02 1.200684e-02 0. 0. 0. 0. 0. 3.848203e-02 -4.342713e-03 0. -1.660705e-02 -1.138867e-02
6.680723e+00 0. 0. 0. 0. 0. -2.798776e-02 3.723212e-03 0. 1.415237e-02 1.146104e-02 0. 0. 0. 0. 0. 3.679828e-02 -4.103150e-03 0. -1.580879e-02 -1.079927e-02
6.718876e+00 0. 0. 0. 0. 0. -2.700132e-02 3.546087e-03 0. 1.357440e-02 1.093624e-02 0. 0. 0. 0. 0. 3.517356e-02 -3.875576e-03 0. -1.504299e-02 -1.023684e-02
6.757028e+00 0. 0. 0. 0. 0. -2.604076e-02 3.376112e-03 0. 1.301609e-02 1.043261e-02 0. 0. 0. 0. 0. 3.360832e-02 -3.659482e-03 0. -1.430956e-02 -9.700780e-03
6.795181e+00 0. 0. 0. 0. 0. -2.510701e-02 3.213577e-03 0. 1.247762e-02 9.949863e-03 0. 0. 0. 0. 0. 3.210181e-02 -3.454503e-03 0. -1.360776e-02 -9.190224e-03
6.833333e+00 0. 0. 0. 0. 0. -2.419577e-02 3.058016e-03 0. 1.195646e-02 9.486052e-03 0. 0. 0. 0. 0. 3.065010e-02 -3.260069e-03 0. -1.293531e-02 -8.703530e-03
6.871486e+00 0. 0. 0. 0. 0. -2.330943e-02 2.909749e-03 0. 1.145358e-02 9.041447e-03 0. 0. 0. 0. 0. 2.925274e-02 -3.075946e-03 0. -1.229170e-02 -8.240009e-03
6.909639e+00 0. 0. 0. 0. 0. -2.245023e-02 2.766912e-03 0. 1.096962e-02 8.615881e-03 0. 0. 0. 0. 0. 2.791125e-02 -2.900997e-03 0. -1.167734e-02 -7.799297e-03
6.947791e+00 0. 0. 0. 0. 0. -2.160945e-02 2.630779e-03 0. 1.050003e-02 8.206455e-03 0. 0. 0. 0. 0. 2.661800e-02 -2.735351e-03 0. -1.108820e-02 -7.379074e-03
6.985944e+00 0. 0. 0. 0. 0. -2.079839e-02 2.500998e-03 0. 1.005023e-02 7.815954e-03 0. 0. 0. 0. 0. 2.537846e-02 -2.578667e-03 0. -1.052678e-02 -6.980130e-03
7.024096e+00 0. 0. 0. 0. 0. -2.000410e-02 2.376206e-03 0. 9.613319e-03 7.439943e-03 0. 0. 0. 0. 0. 2.418457e-02 -2.429859e-03 0. -9.988772e-03 -6.599890e-03
7.062249e+00 0. 0. 0. 0. 0. -1.923938e-02 2.257577e-03 0. 9.195508e-03 7.081801e-03 0. 0. 0. 0. 0. 2.304183e-02 -2.289333e-03 0. -9.476752e-03 -6.239301e-03
7.100402e+00 0. 0. 0. 0. 0. -1.849645e-02 2.144307e-03 0. 8.792647e-03 6.738729e-03 0. 0. 0. 0. 0. 2.194474e-02 -2.156268e-03 0. -8.987765e-03 -5.896506e-03
7.138554e+00 0. 0. 0. 0. 0. -1.777027e-02 2.035489e-03 0. 8.401970e-03 6.408808e-03 0. 0. 0. 0. 0. 2.088960e-02 -2.030073e-03 0. -8.519795e-03 -5.570159e-03
7.176707e+00 0. 0. 0. 0. 0. -1.707237e-02 1.932181e-03 0. 8.028955e-03 6.094985e-03 0. 0. 0. 0. 0. 1.988116e-02 -1.911025e-03 0. -8.075023e-03 -5.261038e-03
7.214859e+00 0. 0. 0. 0. 0. -1.639268e-02 1.833540e-03 0. 7.668444e-03 5.793932e-03 0. 0. 0. 0. 0. 1.891276e-02 -1.798365e-03 0. -7.650020e-03 -4.967114e-03
7.253012e+00 0. 0. 0. 0. 0. -1.573737e-02 1.739405e-03 0. 7.323148e-03 5.506938e-03 0. 0. 0. 0. 0. 1.798705e-02 -1.691898e-03 0. -7.245915e-03 -4.688633e-03
7.291165e+00 0. 0. 0. 0. 0. -1.509992e-02 1.649766e-03 0. 6.989786e-03 5.231893e-03 0. 0. 0. 0. 0. 1.709863e-02 -1.591319e-03 0. -6.859967e-03 -4.423988e-03
7.329317e+00 0. 0. 0. 0. 0. -1.448530e-02 1.564262e-03 0. 6.670494e-03 4.969720e-03 0. 0. 0. 0. 0. 1.624966e-02 -1.496292e-03 0. -6.493063e-03 -4.173311e-03
7.367470e+00 0. 0. 0. 0. 0. -1.389134e-02 1.482536e-03 0. 6.363948e-03 4.719423e-03 0. 0. 0. 0. 0. 1.543808e-02 -1.406471e-03 0. -6.144084e-03 -3.935789e-03
7.405622e+00 0. 0. 0. 0. 0. -1.331551e-02 1.405039e-03 0. 6.068929e-03 4.480117e-03 0. 0. 0. 0. 0. 1.466073e-02 -1.321787e-03 0. -5.811419e-03 -3.710426e-03
7.443775e+00 0. 0. 0. 0. 0. -1.276029e-02 1.331120e-03 0. 5.786290e-03 4.252022e-03 0. 0. 0. 0. 0. 1.391847e-02 -1.241844e-03 0. -5.495360e-03 -3.497093e-03
7.481928e+00 0. 0. 0. 0. 0. -1.222230e-02 1.260375e-03 0. 5.514270e-03 4.033913e-03 0. 0. 0. 0. 0. 1.320869e-02 -1.166242e-03 0. -5.194543e-03 -3.294897e-03
7.520080e+00 0. 0. 0. 0. 0. -1.170512e-02 1.193557e-03 0. 5.254466e-03 3.826537e-03 0. 0. 0. 0. 0. 1.253161e-02 -1.095157e-03 0. -4.909027e-03 -3.103683e-03
7.558233e+00 0. 0. 0. 0. 0. -1.120434e-02 1.129823e-03 0. 5.004578e-03 3.628370e-03 0. 0. 0. 0. 0. 1.188444e-02 -1.028060e-03 0. -4.637375e-03 -2.922532e-03
7.596386e+00 0. 0. 0. 0. 0. -1.072049e-02 1.068802e-03 0. 4.764682e-03 3.439241e-03 0. 0. 0. 0. 0. 1.126676e-02 -9.646620e-04 0. -4.379302e-03 -2.751097e-03
7.634538e+00 0. 0. 0. 0. 0. -1.025447e-02 1.011220e-03 0. 4.535124e-03 3.259209e-03 0. 0. 0. 0. 0. 1.067764e-02 -9.050874e-04 0. -4.134332e-03 -2.588996e-03
7.672691e+00 0. 0. 0. 0. 0. -9.806094e-03 9.563943e-04 0. 4.315626e-03 3.087917e-03 0. 0. 0. 0. 0. 1.011631e-02 -8.489200e-04 0. -3.902012e-03 -2.435809e-03
7.710843e+00 0. 0. 0. 0. 0. -9.373216e-03 9.042240e-04 0. 4.105059e-03 2.924570e-03 0. 0. 0. 0. 0. 9.580896e-03 -7.959962e-04 0. -3.681418e-03 -2.290932e-03
7.748996e+00 0. 0. 0. 0. 0. -8.956471e-03 8.546164e-04 0. 3.903584e-03 2.769087e-03 0. 0. 0. 0. 0. 9.070928e-03 -7.461724e-04 0. -3.472278e-03 -2.154074e-03
7.787149e+00 0. 0. 0. 0. 0. -8.556153e-03 8.075507e-04 0. 3.711236e-03 2.621349e-03 0. 0. 0. 0. 0. 8.585549e-03 -6.992746e-04 0. -3.274137e-03 -2.024865e-03
7.825301e+00 0. 0. 0. 0. 0. -8.170065e-03 7.628351e-04 0. 3.526872e-03 2.480568e-03 0. 0. 0. 0. 0. 8.123076e-03 -6.551380e-04 0. -3.086178e-03 -1.902775e-03
7.863454e+00 0. 0. 0. 0. 0. -7.799384e-03 7.204127e-04 0. 3.350913e-03 2.346836e-03 0. 0. 0. 0. 0. 7.683319e-03 -6.136264e-04 0. -2.908267e-03 -1.787598e-03
7.901606e+00 0. 0. 0. 0. 0. -7.442678e-03 6.801679e-04 0. 3.182623e-03 2.219623e-03 0. 0. 0. 0. 0. 7.264750e-03 -5.746036e-04 0. -2.739665e-03 -1.678864e-03
7.939759e+00 0. 0. 0. 0. 0. -7.098403e-03 6.418772e-04 0. 3.021163e-03 2.098336e-03 0. 0. 0. 0. 0. 6.866163e-03 -5.378539e-04 0. -2.579785e-03 -1.576161e-03
7.977912e+00 0. 0. 0. 0. 0. -6.770456e-03 6.057417e-04 0. 2.868244e-03 1.983779e-03 0. 0. 0. 0. 0. 6.488496e-03 -5.034013e-04 0. -2.429024e-03 -1.479566e-03
8.016064e+00 0. 0. 0. 0. 0. -6.453280e-03 5.713549e-04 0. 2.721225e-03 1.874415e-03 0. 0. 0. 0. 0. 6.128631e-03 -4.709700e-04 0. -2.285934e-03 -1.388286e-03
8.054217e+00 0. 0. 0. 0. 0. -6.149672e-03 5.387948e-04 0. 2.581305e-03 1.770770e-03 0. 0. 0. 0. 0. 5.787208e-03 -4.405220e-04 0. -2.150778e-03 -1.302337e-03
8.092369e+00 0. 0. 0. 0. 0. -5.857927e-03 5.080071e-04 0. 2.447626e-03 1.672278e-03 0. 0. 0. 0. 0. 5.462854e-03 -4.119530e-04 0. -2.022920e-03 -1.221325e-03
8.130522e+00 0. 0. 0. 0. 0. -5.578425e-03 4.788244e-04 0. 2.320287e-03 1.578889e-03 0. 0. 0. 0. 0. 5.155098e-03 -3.851183e-04 0. -1.902121e-03 -1.145038e-03
8.168675e+00 0. 0. 0. 0. 0. -5.310331e-03 4.510896e-04 0. 2.198812e-03 1.490244e-03 0. 0. 0. 0. 0. 4.863173e-03 -3.599052e-04 0. -1.788016e-03 -1.073216e-03
8.206827e+00 0. 0. 0. 0. 0. -5.054031e-03 4.249462e-04 0. 2.083333e-03 1.406329e-03 0. 0. 0. 0. 0. 4.586540e-03 -3.362966e-04 0. -1.680354e-03 -1.005666e-03
8.244980e+00 0. 0. 0. 0. 0. -4.807467e-03 4.001658e-04 0. 1.972871e-03 1.326533e-03 0. 0. 0. 0. 0. 4.323770e-03 -3.141216e-04 0. -1.578483e-03 -9.419967e-04
8.283133e+00 0. 0. 0. 0. 0. -4.572228e-03 3.767262e-04 0. 1.868042e-03 1.251090e-03 0. 0. 0. 0. 0. 4.075183e-03 -2.933451e-04 0. -1.482531e-03 -8.821934e-04
8.321285e+00 0. 0. 0. 0. 0. -4.346821e-03 3.546211e-04 0. 1.768157e-03 1.179564e-03 0. 0. 0. 0. 0. 3.839492e-03 -2.738803e-04 0. -1.391921e-03 -8.259193e-04
8.359438e+00 0. 0. 0. 0. 0. -4.130935e-03 3.336371e-04 0. 1.672996e-03 1.111756e-03 0. 0. 0. 0. 0. 3.616243e-03 -2.556186e-04 0. -1.306438e-03 -7.730048e-04
8.397590e+00 0. 0. 0. 0. 0. -3.924355e-03 3.138193e-04 0. 1.582428e-03 1.047526e-03 0. 0. 0. 0. 0. 3.404859e-03 -2.385087e-04 0. -1.225822e-03 -7.232672e-04
8.435743e+00 0. 0. 0. 0. 0. -3.726660e-03 2.950939e-04 0. 1.496217e-03 9.866826e-04 0. 0. 0. 0. 0. 3.204718e-03 -2.224822e-04 0. -1.149796e-03 -6.765190e-04
8.473896e+00 0. 0. 0. 0. 0. -3.538804e-03 2.774771e-04 0. 1.414728e-03 9.293478e-04 0. 0. 0. 0. 0. 3.015804e-03 -2.075051e-04 0. -1.078343e-03 -6.326951e-04
8.512048e+00 0. 0. 0. 0. 0. -3.357821e-03 2.606954e-04 0. 1.336621e-03 8.747592e-04 0. 0. 0. 0. 0. 2.836616e-03 -1.934352e-04 0. -1.010803e-03 -5.914368e-04
8.550201e+00 0. 0. 0. 0. 0. -3.186034e-03 2.449890e-04 0. 1.262877e-03 8.233743e-04 0. 0. 0. 0. 0. 2.667561e-03 -1.803137e-04 0. -9.473548e-04 -5.527810e-04
8.588353e+00 0. 0. 0. 0. 0. -3.021865e-03 2.301186e-04 0. 1.192761e-03 7.747453e-04 0. 0. 0. 0. 0. 2.507768e-03 -1.680201e-04 0. -8.876130e-04 -5.164973e-04
8.626506e+00 0. 0. 0. 0. 0. -2.864883e-03 2.160499e-04 0. 1.126052e-03 7.287105e-04 0. 0. 0. 0. 0. 2.356705e-03 -1.565139e-04 0. -8.313462e-04 -4.824385e-04
8.664659e+00 0. 0. 0. 0. 0. -2.715555e-03 2.028457e-04 0. 1.062924e-03 6.853074e-04 0. 0. 0. 0. 0. 2.214164e-03 -1.457746e-04 0. -7.784653e-04 -4.505206e-04
8.702811e+00 0. 0. 0. 0. 0. -2.572849e-03 1.903836e-04 0. 1.002892e-03 6.442383e-04 0. 0. 0. 0. 0. 2.079522e-03 -1.357335e-04 0. -7.287007e-04 -4.205831e-04
8.740964e+00 0. 0. 0. 0. 0. -2.436952e-03 1.786329e-04 0. 9.460121e-04 6.054839e-04 0. 0. 0. 0. 0. 1.952483e-03 -1.263464e-04 0. -6.819257e-04 -3.925275e-04
8.779116e+00 0. 0. 0. 0. 0. -2.307256e-03 1.675362e-04 0. 8.919894e-04 5.688505e-04 0. 0. 0. 0. 0. 1.832584e-03 -1.175718e-04 0. -6.379422e-04 -3.662293e-04
8.817269e+00 0. 0. 0. 0. 0. -2.183864e-03 1.571032e-04 0. 8.408504e-04 5.343086e-04 0. 0. 0. 0. 0. 1.719546e-03 -1.093828e-04 0. -5.966341e-04 -3.416032e-04
8.855422e+00 0. 0. 0. 0. 0. -2.066540e-03 1.472737e-04 0. 7.924605e-04 5.017518e-04 0. 0. 0. 0. 0. 1.613045e-03 -1.017347e-04 0. -5.578624e-04 -3.185541e-04
8.893574e+00 0. 0. 0. 0. 0. -1.954656e-03 1.380115e-04 0. 7.465371e-04 4.709984e-04 0. 0. 0. 0. 0. 1.512603e-03 -9.459476e-05 0. -5.214290e-04 -2.969648e-04
8.931727e+00 0. 0. 0. 0. 0. -1.848453e-03 1.293031e-04 0. 7.031559e-04 4.420523e-04 0. 0. 0. 0. 0. 1.418046e-03 -8.793305e-05 0. -4.872605e-04 -2.767731e-04
8.969880e+00 0. 0. 0. 0. 0. -1.747300e-03 1.211063e-04 0. 6.620335e-04 4.147370e-04 0. 0. 0. 0. 0. 1.328953e-03 -8.171907e-05 0. -4.551813e-04 -2.578744e-04
9.008032e+00 0. 0. 0. 0. 0. -1.651346e-03 1.134051e-04 0. 6.232095e-04 3.890402e-04 0. 0. 0. 0. 0. 1.245146e-03 -7.592712e-05 0. -4.251198e-04 -2.402120e-04
9.046185e+00 0. 0. 0. 0. 0. -1.559821e-03 1.061538e-04 0. 5.863490e-04 3.647659e-04 0. 0. 0. 0. 0. 1.166150e-03 -7.052129e-05 0. -3.968793e-04 -2.236752e-04
9.084337e+00 0. 0. 0. 0. 0. -1.473082e-03 9.935687e-05 0. 5.515801e-04 3.419485e-04 0. 0. 0. 0. 0. 1.091904e-03 -6.549109e-05 0. -3.704367e-04 -2.082321e-04
9.122490e+00 0. 0. 0. 0. 0. -1.390584e-03 9.292907e-05 0. 5.186611e-04 3.204386e-04 0. 0. 0. 0. 0. 1.022039e-03 -6.078972e-05 0. -3.456401e-04 -1.937928e-04
9.160643e+00 0. 0. 0. 0. 0. -1.312432e-03 8.692761e-05 0. 4.876219e-04 3.002294e-04 0. 0. 0. 0. 0. 9.564009e-04 -5.642291e-05 0. -3.224301e-04 -1.803142e-04
9.198795e+00 0. 0. 0. 0. 0. -1.238065e-03 8.128409e-05 0. 4.582189e-04 2.811749e-04 0. 0. 0. 0. 0. 8.946326e-04 -5.235230e-05 0. -3.006617e-04 -1.677140e-04
9.236948e+00 0. 0. 0. 0. 0. -1.167673e-03 7.598431e-05 0. 4.305141e-04 2.632821e-04 0. 0. 0. 0. 0. 8.366565e-04 -4.856246e-05 0. -2.803036e-04 -1.559587e-04
9.275100e+00 0. 0. 0. 0. 0. -1.100761e-03 7.100168e-05 0. 4.042939e-04 2.464249e-04 0. 0. 0. 0. 0. 7.821566e-04 -4.503320e-05 0. -2.612306e-04 -1.449795e-04
9.313253e+00 0. 0. 0. 0. 0. -1.037692e-03 6.633653e-05 0. 3.796956e-04 2.306484e-04 0. 0. 0. 0. 0. 7.310890e-04 -4.175193e-05 0. -2.434274e-04 -1.347549e-04
9.351406e+00 0. 0. 0. 0. 0. -9.775759e-04 6.195018e-05 0. 3.563464e-04 2.157543e-04 0. 0. 0. 0. 0. 6.830469e-04 -3.869614e-05 0. -2.267302e-04 -1.251976e-04
9.389558e+00 0. 0. 0. 0. 0. -9.119940e-04 5.784745e-05 0. 3.344154e-04 2.018046e-04 0. 0. 0. 0. 0. 6.380332e-04 -3.585780e-05 0. -2.111433e-04 -1.162972e-04
9.427711e+00 0. 0. 0. 0. 0. -8.420259e-04 5.400164e-05 0. 3.104072e-04 1.886857e-04 0. 0. 0. 0. 0. 5.957772e-04 -3.321790e-05 0. -1.965598e-04 -1.079937e-04
9.465863e+00 0. 0. 0. 0. 0. -7.687509e-04 5.038768e-05 0. 2.847616e-04 1.742258e-04 0. 0. 0. 0. 0. 5.494820e-04 -3.076251e-05 0. -1.829367e-04 -1.002577e-04
9.504016e+00 0. 0. 0. 0. 0. -6.932481e-04 4.633181e-05 0. 2.579182e-04 1.587266e-04 0. 0. 0. 0. 0. 5.000813e-04 -2.848253e-05 0. -1.678342e-04 -9.304520e-05
9.542169e+00 0. 0. 0. 0. 0. -6.165966e-04 4.193647e-05 0. 2.303166e-04 1.424901e-04 0. 0. 0. 0. 0. 4.485085e-04 -2.593725e-05 0. -1.516109e-04 -8.490351e-05
9.580321e+00 0. 0. 0. 0. 0. -5.398756e-04 3.730408e-05 0. 2.023965e-04 1.258181e-04 0. 0. 0. 0. 0. 3.956971e-04 -2.319617e-05 0. -1.346251e-04 -7.606690e-05
9.618474e+00 0. 0. 0. 0. 0. -4.641643e-04 3.253709e-05 0. 1.745976e-04 1.090123e-04 0. 0. 0. 0. 0. 3.425805e-04 -2.032880e-05 0. -1.172356e-04 -6.676965e-05
9.656627e+00 0. 0. 0. 0. 0. -3.905418e-04 2.773794e-05 0. 1.473595e-04 9.237456e-05 0. 0. 0. 0. 0. 2.900923e-04 -1.740464e-05 0. -9.980070e-05 -5.724601e-05
9.694779e+00 0. 0. 0. 0. 0. -3.200874e-04 2.300905e-05 0. 1.211220e-04 7.620676e-05 0. 0. 0. 0. 0. 2.391659e-04 -1.449320e-05 0. -8.267896e-05 -4.773026e-05
9.732932e+00 0. 0. 0. 0. 0. -2.538801e-04 1.845287e-05 0. 9.632462e-05 6.081069e-05 0. 0. 0. 0. 0. 1.907349e-04 -1.166397e-05 0. -6.622890e-05 -3.845665e-05
9.771084e+00 0. 0. 0. 0. 0. -1.929991e-04 1.417183e-05 0. 7.340711e-05 4.648818e-05 0. 0. 0. 0. 0. 1.457327e-04 -8.986477e-06 0. -5.080902e-05 -2.965946e-05
9.809237e+00 0. 0. 0. 0. 0. -1.385237e-04 1.026836e-05 0. 5.280910e-05 3.354106e-05 0. 0. 0. 0. 0. 1.050928e-04 -6.530212e-06 0. -3.677782e-05 -2.157296e-05
9.847390e+00 0. 0. 0. 0. 0. -9.153294e-05 6.844916e-06 0. 3.497026e-05 2.227114e-05 0. 0. 0. 0. 0. 6.974869e-05 -4.364681e-06 0. -2.449383e-05 -1.443140e-05
9.885542e+00 0. 0. 0. 0. 0. -5.310603e-05 4.003920e-06 0. 2.033027e-05 1.298025e-05 0. 0. 0. 0. 0. 4.063387e-05 -2.559390e-06 0. -1.431554e-05 -8.469064e-06
9.923695e+00 0. 0. 0. 0. 0. -2.432212e-05 1.847811e-06 0. 9.328787e-06 5.970217e-06 0. 0. 0. 0. 0. 1.868182e-05 -1.183843e-06 0. -6.601469e-06 -3.920206e-06
9.961847e+00 0. 0. 0. 0. 0. -6.260392e-06 4.790254e-07 0. 2.405474e-06 1.542858e-06 0. 0. 0. 0. 0. 4.826037e-06 -3.075449e-07 0. -1.710119e-06 -1.019096e-06
1.000000e+01 0. 0. 0. 0. 0. 0. 0. 0. 0. 0. 0. 0. 0. 0. 0. 0. 0. 0. 0. 0.



C_Rh_table=
5.000000e-01 0. 0. 0. -9.853211e-01 -8.366286e-01 -2.304372e-01 -2.054780e-01 1.650156e-02 2.358221e-02 4.885991e-02 0. 0. 0. 3.749931e-01 3.567399e-01 -3.038268e-01 -2.710870e-01 -2.188843e-03 -1.809331e-01 -3.985369e-01
5.381526e-01 0. 0. 0. -9.985296e-01 -8.991890e-01 -1.965753e-01 -2.060594e-01 1.333631e-01 9.637876e-02 1.067663e-01 0. 0. 0. 3.904800e-01 3.784408e-01 -3.118322e-01 -2.737010e-01 -4.437073e-03 -1.963620e-01 -4.034208e-01
5.763052e-01 0. 0. 0. -9.964275e-01 -9.540119e-01 -1.561569e-01 -2.040507e-01 2.333828e-01 1.587978e-01 1.563757e-01 0. 0. 0. 4.033271e-01 3.988728e-01 -3.202374e-01 -2.765266e-01 -6.172624e-03 -2.113880e-01 -4.080692e-01
6.144578e-01 0. 0. 0. -9.808172e-01 -1.001242e+00 -1.108235e-01 -1.997108e-01 3.155643e-01 2.099395e-01 1.969919e-01 0. 0. 0. 4.135639e-01 4.180769e-01 -3.289469e-01 -2.794741e-01 -7.255822e-03 -2.258811e-01 -4.123531e-01
6.526104e-01 0. 0. 0. -9.533598e-01 -1.040540e+00 -6.222580e-02 -1.930363e-01 3.796015e-01 2.499048e-01 2.288840e-01 0. 0. 0. 4.211421e-01 4.358322e-01 -3.378054e-01 -2.826895e-01 -7.465275e-03 -2.398312e-01 -4.163521e-01
6.907631e-01 0. 0. 0. -9.160872e-01 -1.072663e+00 -1.179273e-02 -1.844672e-01 4.265233e-01 2.792362e-01 2.524602e-01 0. 0. 0. 4.262189e-01 4.523558e-01 -3.467305e-01 -2.859156e-01 -6.828889e-03 -2.531110e-01 -4.198576e-01
7.289157e-01 0. 0. 0. -8.707142e-01 -1.097438e+00 3.902764e-02 -1.740727e-01 4.572099e-01 2.990280e-01 2.687667e-01 0. 0. 0. 4.287738e-01 4.673646e-01 -3.555423e-01 -2.893925e-01 -5.150687e-03 -2.657923e-01 -4.230686e-01
7.670683e-01 0. 0. 0. -8.191185e-01 -1.115759e+00 8.910035e-02 -1.622389e-01 4.734770e-01 3.104527e-01 2.787312e-01 0. 0. 0. 4.290187e-01 4.811282e-01 -3.641538e-01 -2.928309e-01 -2.547072e-03 -2.777840e-01 -4.257885e-01
8.052209e-01 0. 0. 0. -7.626717e-01 -1.127730e+00 1.374579e-01 -1.491555e-01 4.767996e-01 3.148668e-01 2.835082e-01 0. 0. 0. 4.269709e-01 4.934044e-01 -3.724045e-01 -2.964567e-01 1.112377e-03 -2.891883e-01 -4.282298e-01
8.433735e-01 0. 0. 0. -7.029290e-01 -1.134176e+00 1.833243e-01 -1.351440e-01 4.691550e-01 3.135589e-01 2.840921e-01 0. 0. 0. 4.228484e-01 5.044087e-01 -3.802089e-01 -3.000350e-01 5.718303e-03 -2.999633e-01 -4.302611e-01
8.815261e-01 0. 0. 0. -6.410388e-01 -1.135467e+00 2.261148e-01 -1.204301e-01 4.521454e-01 3.077703e-01 2.814795e-01 0. 0. 0. 4.167308e-01 5.140378e-01 -3.874453e-01 -3.036663e-01 1.129854e-02 -3.101841e-01 -4.320022e-01
9.196787e-01 0. 0. 0. -5.781809e-01 -1.132141e+00 2.653178e-01 -1.052256e-01 4.274662e-01 2.986509e-01 2.765609e-01 0. 0. 0. 4.087961e-01 5.223532e-01 -3.940105e-01 -3.072778e-01 1.777625e-02 -3.198873e-01 -4.334624e-01
9.578313e-01 0. 0. 0. -5.151737e-01 -1.124759e+00 3.007188e-01 -8.974283e-02 3.966504e-01 2.871861e-01 2.700901e-01 0. 0. 0. 3.991794e-01 5.294251e-01 -3.998280e-01 -3.108497e-01 2.505821e-02 -3.291205e-01 -4.346923e-01
9.959839e-01 0. 0. 0. -4.528484e-01 -1.113759e+00 3.320791e-01 -7.419371e-02 3.611217e-01 2.742734e-01 2.626945e-01 0. 0. 0. 3.880193e-01 5.352066e-01 -4.048198e-01 -3.143568e-01 3.315507e-02 -3.379178e-01 -4.356863e-01
1.034137e+00 0. 0. 0. -3.918646e-01 -1.099730e+00 3.593444e-01 -5.869767e-02 3.222255e-01 2.606603e-01 2.549571e-01 0. 0. 0. 3.755465e-01 5.399240e-01 -4.089078e-01 -3.177393e-01 4.183048e-02 -3.463449e-01 -4.365203e-01
1.072289e+00 0. 0. 0. -3.326090e-01 -1.082832e+00 3.825428e-01 -4.339301e-02 2.809096e-01 2.469463e-01 2.472813e-01 0. 0. 0. 3.617996e-01 5.433571e-01 -4.120323e-01 -3.210735e-01 5.114196e-02 -3.544709e-01 -4.372467e-01
1.110442e+00 0. 0. 0. -2.756230e-01 -1.063799e+00 4.017540e-01 -2.844304e-02 2.382557e-01 2.335910e-01 2.399547e-01 0. 0. 0. 3.469875e-01 5.458163e-01 -4.141953e-01 -3.241983e-01 6.094317e-02 -3.622667e-01 -4.377973e-01
1.148594e+00 0. 0. 0. -2.212387e-01 -1.042709e+00 4.170348e-01 -1.386286e-02 1.950989e-01 2.210520e-01 2.333275e-01 0. 0. 0. 3.312963e-01 5.472181e-01 -4.152765e-01 -3.272166e-01 7.107511e-02 -3.698751e-01 -4.383362e-01
1.186747e+00 0. 0. 0. -1.694934e-01 -1.020018e+00 4.287058e-01 1.774703e-04 1.519907e-01 2.095109e-01 2.274349e-01 0. 0. 0. 3.147241e-01 5.475513e-01 -4.153473e-01 -3.300410e-01 8.161476e-02 -3.772376e-01 -4.387466e-01
1.224900e+00 0. 0. 0. -1.206971e-01 -9.961218e-01 4.368990e-01 1.365188e-02 1.096308e-01 1.992165e-01 2.224604e-01 0. 0. 0. 2.975252e-01 5.470488e-01 -4.143460e-01 -3.326639e-01 9.232964e-02 -3.844354e-01 -4.391326e-01
1.263052e+00 0. 0. 0. -7.484571e-02 -9.711570e-01 4.418802e-01 2.650893e-02 6.840334e-02 1.902768e-01 2.184371e-01 0. 0. 0. 2.797556e-01 5.456326e-01 -4.122748e-01 -3.351148e-01 1.031945e-01 -3.914944e-01 -4.395048e-01
1.301205e+00 0. 0. 0. -3.199660e-02 -9.453817e-01 4.438802e-01 3.871232e-02 2.866215e-02 1.827683e-01 2.153696e-01 0. 0. 0. 2.615180e-01 5.433312e-01 -4.091638e-01 -3.372967e-01 1.141811e-01 -3.983927e-01 -4.397833e-01
1.339357e+00 0. 0. 0. 7.691775e-03 -9.190001e-01 4.430846e-01 5.025875e-02 -9.183972e-03 1.767520e-01 2.133091e-01 0. 0. 0. 2.430412e-01 5.402947e-01 -4.049450e-01 -3.393194e-01 1.250643e-01 -4.052454e-01 -4.401401e-01
1.377510e+00 0. 0. 0. 4.448065e-02 -8.923747e-01 4.398659e-01 6.108121e-02 -4.509350e-02 1.721240e-01 2.121091e-01 0. 0. 0. 2.242693e-01 5.365956e-01 -3.997478e-01 -3.410401e-01 1.359396e-01 -4.119404e-01 -4.404101e-01
1.415663e+00 0. 0. 0. 7.831705e-02 -8.654174e-01 4.343924e-01 7.121505e-02 -7.884406e-02 1.689033e-01 2.117708e-01 0. 0. 0. 2.053873e-01 5.320967e-01 -3.935219e-01 -3.425227e-01 1.466716e-01 -4.185660e-01 -4.406624e-01
1.453815e+00 0. 0. 0. 1.092801e-01 -8.384691e-01 4.269188e-01 8.065513e-02 -1.103040e-01 1.670104e-01 2.122328e-01 0. 0. 0. 1.865026e-01 5.270858e-01 -3.863027e-01 -3.437596e-01 1.571645e-01 -4.251217e-01 -4.409275e-01
1.491968e+00 0. 0. 0. 1.375129e-01 -8.115360e-01 4.177011e-01 8.939491e-02 -1.394876e-01 1.663336e-01 2.133789e-01 0. 0. 0. 1.676563e-01 5.214449e-01 -3.781335e-01 -3.447703e-01 1.674030e-01 -4.316116e-01 -4.411922e-01
1.530120e+00 0. 0. 0. 1.631242e-01 -7.848365e-01 4.069549e-01 9.744647e-02 -1.664002e-01 1.667764e-01 2.151140e-01 0. 0. 0. 1.488908e-01 5.152830e-01 -3.690956e-01 -3.454422e-01 1.773970e-01 -4.379651e-01 -4.413497e-01
1.568273e+00 0. 0. 0. 1.862295e-01 -7.583417e-01 3.948950e-01 1.048326e-01 -1.910247e-01 1.682360e-01 2.173705e-01 0. 0. 0. 1.303329e-01 5.085884e-01 -3.591782e-01 -3.459066e-01 1.870190e-01 -4.442662e-01 -4.415191e-01
1.606426e+00 0. 0. 0. 2.069664e-01 -7.322463e-01 3.817183e-01 1.115659e-01 -2.134110e-01 1.705989e-01 2.200610e-01 0. 0. 0. 1.120256e-01 5.015178e-01 -3.484377e-01 -3.461168e-01 1.962541e-01 -4.504797e-01 -4.416664e-01
1.644578e+00 0. 0. 0. 2.255041e-01 -7.065808e-01 3.676142e-01 1.176602e-01 -2.336653e-01 1.737479e-01 2.230734e-01 0. 0. 0. 9.397120e-02 4.940045e-01 -3.369695e-01 -3.460188e-01 2.051365e-01 -4.565434e-01 -4.416963e-01
1.682731e+00 0. 0. 0. 2.418820e-01 -6.813936e-01 3.527158e-01 1.231694e-01 -2.517813e-01 1.776102e-01 2.263762e-01 0. 0. 0. 7.632392e-02 4.861624e-01 -3.247614e-01 -3.456297e-01 2.135493e-01 -4.625038e-01 -4.416624e-01
1.720884e+00 0. 0. 0. 2.563451e-01 -6.567093e-01 3.372357e-01 1.280782e-01 -2.679304e-01 1.820269e-01 2.298481e-01 0. 0. 0. 5.904501e-02 4.779684e-01 -3.118960e-01 -3.450559e-01 2.215099e-01 -4.683546e-01 -4.415963e-01
1.759036e+00 0. 0. 0. 2.689197e-01 -6.326278e-01 3.212677e-01 1.324443e-01 -2.821470e-01 1.869396e-01 2.334540e-01 0. 0. 0. 4.222451e-02 4.695472e-01 -2.984117e-01 -3.441916e-01 2.289945e-01 -4.740597e-01 -4.414327e-01
1.797189e+00 0. 0. 0. 2.798330e-01 -6.090692e-01 3.049837e-01 1.362796e-01 -2.945886e-01 1.922202e-01 2.370888e-01 0. 0. 0. 2.584863e-02 4.607768e-01 -2.844017e-01 -3.430571e-01 2.360063e-01 -4.795833e-01 -4.411312e-01
1.835341e+00 0. 0. 0. 2.891683e-01 -5.862140e-01 2.884677e-01 1.396126e-01 -3.053495e-01 1.977999e-01 2.407262e-01 0. 0. 0. 9.934724e-03 4.518812e-01 -2.699011e-01 -3.416472e-01 2.425648e-01 -4.849204e-01 -4.407126e-01
1.873494e+00 0. 0. 0. 2.969987e-01 -5.639396e-01 2.718305e-01 1.424712e-01 -3.144792e-01 2.035957e-01 2.443173e-01 0. 0. 0. -5.390228e-03 4.427680e-01 -2.549226e-01 -3.400652e-01 2.485596e-01 -4.901156e-01 -4.402279e-01
1.911647e+00 0. 0. 0. 3.034788e-01 -5.422747e-01 2.551699e-01 1.448833e-01 -3.221174e-01 2.095282e-01 2.477994e-01 0. 0. 0. -2.015918e-02 4.334488e-01 -2.395687e-01 -3.382269e-01 2.540432e-01 -4.950951e-01 -4.395862e-01
1.949799e+00 0. 0. 0. 3.087398e-01 -5.213070e-01 2.385642e-01 1.468830e-01 -3.283885e-01 2.155322e-01 2.511451e-01 0. 0. 0. -3.439910e-02 4.240676e-01 -2.238819e-01 -3.361059e-01 2.590556e-01 -4.998378e-01 -4.387830e-01
1.987952e+00 0. 0. 0. 3.128214e-01 -5.009690e-01 2.220818e-01 1.484813e-01 -3.333573e-01 2.215453e-01 2.543130e-01 0. 0. 0. -4.803122e-02 4.145371e-01 -2.079203e-01 -3.337938e-01 2.635451e-01 -5.043542e-01 -4.378345e-01
2.026104e+00 0. 0. 0. 3.158939e-01 -4.813087e-01 2.058036e-01 1.497130e-01 -3.371569e-01 2.275035e-01 2.572822e-01 0. 0. 0. -6.110270e-02 4.049916e-01 -1.917117e-01 -3.312774e-01 2.675513e-01 -5.086380e-01 -4.367555e-01
2.064257e+00 0. 0. 0. 3.179570e-01 -4.622443e-01 1.897691e-01 1.505968e-01 -3.398257e-01 2.333668e-01 2.600174e-01 0. 0. 0. -7.351489e-02 3.953155e-01 -1.753329e-01 -3.285653e-01 2.710177e-01 -5.126609e-01 -4.354995e-01
2.102410e+00 0. 0. 0. 3.191800e-01 -4.438407e-01 1.740357e-01 1.511703e-01 -3.415066e-01 2.390886e-01 2.625060e-01 0. 0. 0. -8.535217e-02 3.856503e-01 -1.588248e-01 -3.255984e-01 2.740244e-01 -5.163987e-01 -4.340546e-01
2.140562e+00 0. 0. 0. 3.196416e-01 -4.260954e-01 1.586303e-01 1.514384e-01 -3.422958e-01 2.446354e-01 2.647359e-01 0. 0. 0. -9.662696e-02 3.759861e-01 -1.422445e-01 -3.224626e-01 2.765911e-01 -5.198472e-01 -4.324370e-01
2.178715e+00 0. 0. 0. 3.193369e-01 -4.089261e-01 1.435977e-01 1.514268e-01 -3.422008e-01 2.499703e-01 2.666918e-01 0. 0. 0. -1.072080e-01 3.662880e-01 -1.256125e-01 -3.191952e-01 2.786189e-01 -5.230313e-01 -4.306683e-01
2.216867e+00 0. 0. 0. 3.184279e-01 -3.924136e-01 1.289577e-01 1.511669e-01 -3.413772e-01 2.550728e-01 2.683735e-01 0. 0. 0. -1.172528e-01 3.566831e-01 -1.089843e-01 -3.157091e-01 2.802557e-01 -5.258986e-01 -4.287049e-01
2.255020e+00 0. 0. 0. 3.168619e-01 -3.764418e-01 1.147348e-01 1.506708e-01 -3.398119e-01 2.599187e-01 2.697571e-01 0. 0. 0. -1.266034e-01 3.470262e-01 -9.243917e-02 -3.120526e-01 2.813857e-01 -5.284320e-01 -4.265173e-01
2.293173e+00 0. 0. 0. 3.148272e-01 -3.610939e-01 1.009608e-01 1.499604e-01 -3.376573e-01 2.644795e-01 2.708608e-01 0. 0. 0. -1.354186e-01 3.375132e-01 -7.594914e-02 -3.082561e-01 2.821346e-01 -5.306772e-01 -4.241883e-01
2.331325e+00 0. 0. 0. 3.122991e-01 -3.462888e-01 8.764004e-02 1.490456e-01 -3.349228e-01 2.687450e-01 2.716697e-01 0. 0. 0. -1.436088e-01 3.280252e-01 -5.960673e-02 -3.043427e-01 2.824426e-01 -5.325894e-01 -4.216642e-01
2.369478e+00 0. 0. 0. 3.093679e-01 -3.320600e-01 7.477128e-02 1.479544e-01 -3.317029e-01 2.727145e-01 2.721956e-01 0. 0. 0. -1.512624e-01 3.186407e-01 -4.344417e-02 -3.002503e-01 2.824005e-01 -5.341458e-01 -4.189237e-01
2.407631e+00 0. 0. 0. 3.060311e-01 -3.183563e-01 6.237920e-02 1.466943e-01 -3.280058e-01 2.763651e-01 2.724393e-01 0. 0. 0. -1.582794e-01 3.093565e-01 -2.745715e-02 -2.960734e-01 2.819272e-01 -5.354015e-01 -4.160336e-01
2.445783e+00 0. 0. 0. 3.023830e-01 -3.051536e-01 5.046051e-02 1.452865e-01 -3.239198e-01 2.796974e-01 2.723945e-01 0. 0. 0. -1.647518e-01 3.001347e-01 -1.175165e-02 -2.917277e-01 2.811029e-01 -5.362691e-01 -4.129007e-01
2.483936e+00 0. 0. 0. 2.984382e-01 -2.924848e-01 3.901029e-02 1.437405e-01 -3.194807e-01 2.827111e-01 2.720923e-01 0. 0. 0. -1.706771e-01 2.910788e-01 3.726598e-03 -2.873243e-01 2.799390e-01 -5.368349e-01 -4.096326e-01
2.522088e+00 0. 0. 0. 2.942667e-01 -2.803096e-01 2.803790e-02 1.420721e-01 -3.147508e-01 2.853983e-01 2.715247e-01 0. 0. 0. -1.761053e-01 2.821549e-01 1.890857e-02 -2.828094e-01 2.784741e-01 -5.370499e-01 -4.061777e-01
2.560241e+00 0. 0. 0. 2.898487e-01 -2.685838e-01 1.753346e-02 1.402953e-01 -3.097350e-01 2.877664e-01 2.706934e-01 0. 0. 0. -1.809762e-01 2.733079e-01 3.371877e-02 -2.781799e-01 2.766734e-01 -5.368804e-01 -4.024961e-01
2.598394e+00 0. 0. 0. 2.852376e-01 -2.573371e-01 7.504868e-03 1.384183e-01 -3.044843e-01 2.898069e-01 2.696231e-01 0. 0. 0. -1.853364e-01 2.646623e-01 4.824028e-02 -2.734946e-01 2.745786e-01 -5.364176e-01 -3.986952e-01
2.636546e+00 0. 0. 0. 2.804284e-01 -2.465216e-01 -2.067353e-03 1.364537e-01 -2.990129e-01 2.915342e-01 2.683141e-01 0. 0. 0. -1.891546e-01 2.561338e-01 6.236673e-02 -2.687380e-01 2.721732e-01 -5.355955e-01 -3.947032e-01
2.674699e+00 0. 0. 0. 2.755301e-01 -2.361440e-01 -1.118624e-02 1.344128e-01 -2.934063e-01 2.929497e-01 2.667820e-01 0. 0. 0. -1.925730e-01 2.477704e-01 7.610506e-02 -2.639129e-01 2.695619e-01 -5.344290e-01 -3.905465e-01
2.712851e+00 0. 0. 0. 2.704722e-01 -2.261735e-01 -1.985820e-02 1.323031e-01 -2.876301e-01 2.940590e-01 2.650354e-01 0. 0. 0. -1.954550e-01 2.395628e-01 8.944126e-02 -2.590516e-01 2.666551e-01 -5.329416e-01 -3.862421e-01
2.751004e+00 0. 0. 0. 2.653472e-01 -2.166025e-01 -2.809337e-02 1.301346e-01 -2.817578e-01 2.948686e-01 2.630827e-01 0. 0. 0. -1.979342e-01 2.315180e-01 1.023464e-01 -2.541222e-01 2.635504e-01 -5.311090e-01 -3.817725e-01
2.789157e+00 0. 0. 0. 2.601297e-01 -2.074068e-01 -3.590505e-02 1.279171e-01 -2.757846e-01 2.953907e-01 2.609350e-01 0. 0. 0. -1.999516e-01 2.236187e-01 1.147866e-01 -2.491466e-01 2.602126e-01 -5.289351e-01 -3.771377e-01
2.827309e+00 0. 0. 0. 2.548824e-01 -1.986024e-01 -4.329578e-02 1.256544e-01 -2.697631e-01 2.956258e-01 2.586135e-01 0. 0. 0. -2.016120e-01 2.159349e-01 1.268282e-01 -2.441671e-01 2.567193e-01 -5.264824e-01 -3.724094e-01
2.865462e+00 0. 0. 0. 2.495778e-01 -1.901383e-01 -5.028105e-02 1.233580e-01 -2.636814e-01 2.955884e-01 2.561146e-01 0. 0. 0. -2.028487e-01 2.083867e-01 1.383617e-01 -2.391508e-01 2.530242e-01 -5.236821e-01 -3.675135e-01
2.903614e+00 0. 0. 0. 2.442432e-01 -1.820214e-01 -5.687140e-02 1.210352e-01 -2.575694e-01 2.952875e-01 2.534568e-01 0. 0. 0. -2.037087e-01 2.010203e-01 1.494258e-01 -2.341062e-01 2.491691e-01 -5.205764e-01 -3.624909e-01
2.941767e+00 0. 0. 0. 2.388961e-01 -1.742348e-01 -6.307419e-02 1.186850e-01 -2.514429e-01 2.947269e-01 2.506491e-01 0. 0. 0. -2.042089e-01 1.938327e-01 1.600167e-01 -2.290735e-01 2.451619e-01 -5.171819e-01 -3.573635e-01
2.979920e+00 0. 0. 0. 2.335386e-01 -1.667739e-01 -6.890554e-02 1.163206e-01 -2.453151e-01 2.939230e-01 2.477050e-01 0. 0. 0. -2.043601e-01 1.868389e-01 1.701357e-01 -2.240185e-01 2.410223e-01 -5.135049e-01 -3.521283e-01
3.018072e+00 0. 0. 0. 2.282076e-01 -1.596040e-01 -7.437889e-02 1.139442e-01 -2.392101e-01 2.928853e-01 2.446286e-01 0. 0. 0. -2.042044e-01 1.799864e-01 1.797188e-01 -2.189685e-01 2.367671e-01 -5.095146e-01 -3.467638e-01
3.056225e+00 0. 0. 0. 2.228933e-01 -1.527441e-01 -7.950352e-02 1.115613e-01 -2.331335e-01 2.916224e-01 2.414416e-01 0. 0. 0. -2.037490e-01 1.733469e-01 1.888541e-01 -2.139379e-01 2.324170e-01 -5.052874e-01 -3.413361e-01
3.094378e+00 0. 0. 0. 2.175963e-01 -1.461545e-01 -8.429075e-02 1.091746e-01 -2.270850e-01 2.901441e-01 2.381419e-01 0. 0. 0. -2.029699e-01 1.668607e-01 1.974584e-01 -2.089282e-01 2.279460e-01 -5.007765e-01 -3.358029e-01
3.132530e+00 0. 0. 0. 2.123372e-01 -1.398380e-01 -8.875381e-02 1.067930e-01 -2.210875e-01 2.884632e-01 2.347430e-01 0. 0. 0. -2.019291e-01 1.605511e-01 2.055576e-01 -2.039135e-01 2.234061e-01 -4.960022e-01 -3.301775e-01
3.170683e+00 0. 0. 0. 2.071183e-01 -1.337896e-01 -9.289635e-02 1.044121e-01 -2.151444e-01 2.865816e-01 2.312577e-01 0. 0. 0. -2.006265e-01 1.544391e-01 2.131967e-01 -1.989541e-01 2.187945e-01 -4.910183e-01 -3.245129e-01
3.208835e+00 0. 0. 0. 2.019651e-01 -1.279874e-01 -9.674069e-02 1.020436e-01 -2.092767e-01 2.845194e-01 2.276905e-01 0. 0. 0. -1.991183e-01 1.484839e-01 2.203147e-01 -1.939986e-01 2.141493e-01 -4.857754e-01 -3.187587e-01
3.246988e+00 0. 0. 0. 1.968397e-01 -1.224261e-01 -1.002910e-01 9.968807e-02 -2.034626e-01 2.822812e-01 2.240515e-01 0. 0. 0. -1.973303e-01 1.427064e-01 2.269373e-01 -1.890933e-01 2.094231e-01 -4.803162e-01 -3.129523e-01
3.285141e+00 0. 0. 0. 1.917781e-01 -1.170914e-01 -1.035613e-01 9.734574e-02 -1.977270e-01 2.798777e-01 2.203473e-01 0. 0. 0. -1.953344e-01 1.370896e-01 2.330554e-01 -1.842308e-01 2.046596e-01 -4.746358e-01 -3.070895e-01
3.323293e+00 0. 0. 0. 1.868021e-01 -1.119923e-01 -1.065584e-01 9.502048e-02 -1.920897e-01 2.773157e-01 2.165949e-01 0. 0. 0. -1.931959e-01 1.316743e-01 2.387566e-01 -1.794192e-01 1.999096e-01 -4.688000e-01 -3.012235e-01
3.361446e+00 0. 0. 0. 1.818772e-01 -1.070898e-01 -1.093026e-01 9.271843e-02 -1.865271e-01 2.746130e-01 2.127860e-01 0. 0. 0. -1.908345e-01 1.263860e-01 2.438957e-01 -1.746232e-01 1.951119e-01 -4.627128e-01 -2.952669e-01
3.399598e+00 0. 0. 0. 1.770465e-01 -1.024057e-01 -1.117954e-01 9.043590e-02 -1.810721e-01 2.717707e-01 2.089457e-01 0. 0. 0. -1.883606e-01 1.212946e-01 2.486396e-01 -1.699004e-01 1.903455e-01 -4.565023e-01 -2.893308e-01
3.437751e+00 0. 0. 0. 1.722671e-01 -9.791469e-02 -1.140498e-01 8.817775e-02 -1.756962e-01 2.688011e-01 2.050703e-01 0. 0. 0. -1.856823e-01 1.163606e-01 2.528991e-01 -1.652424e-01 1.855455e-01 -4.501158e-01 -2.833669e-01
3.475904e+00 0. 0. 0. 1.675716e-01 -9.360712e-02 -1.160779e-01 8.594736e-02 -1.704217e-01 2.657140e-01 2.011665e-01 0. 0. 0. -1.828783e-01 1.115729e-01 2.566825e-01 -1.606321e-01 1.807617e-01 -4.435564e-01 -2.773748e-01
3.514056e+00 0. 0. 0. 1.629609e-01 -8.948349e-02 -1.178841e-01 8.374487e-02 -1.652518e-01 2.625148e-01 1.972430e-01 0. 0. 0. -1.799660e-01 1.069502e-01 2.600397e-01 -1.560733e-01 1.760085e-01 -4.368641e-01 -2.713840e-01
3.552209e+00 0. 0. 0. 1.584274e-01 -8.553563e-02 -1.194792e-01 8.156984e-02 -1.601817e-01 2.592120e-01 1.933069e-01 0. 0. 0. -1.769328e-01 1.024878e-01 2.629754e-01 -1.515944e-01 1.712743e-01 -4.300519e-01 -2.654056e-01
3.590361e+00 0. 0. 0. 1.539693e-01 -8.175125e-02 -1.208755e-01 7.942504e-02 -1.552109e-01 2.558165e-01 1.893604e-01 0. 0. 0. -1.737811e-01 9.816960e-02 2.654658e-01 -1.471747e-01 1.665596e-01 -4.231055e-01 -2.594224e-01
3.628514e+00 0. 0. 0. 1.495975e-01 -7.813064e-02 -1.220774e-01 7.731265e-02 -1.503473e-01 2.523332e-01 1.854128e-01 0. 0. 0. -1.705510e-01 9.400997e-02 2.675677e-01 -1.428245e-01 1.618912e-01 -4.160645e-01 -2.534646e-01
3.666667e+00 0. 0. 0. 1.453168e-01 -7.465858e-02 -1.231011e-01 7.523316e-02 -1.455928e-01 2.487744e-01 1.814675e-01 0. 0. 0. -1.672514e-01 8.998165e-02 2.692474e-01 -1.385466e-01 1.572680e-01 -4.089118e-01 -2.475164e-01
3.704819e+00 0. 0. 0. 1.411236e-01 -7.133955e-02 -1.239440e-01 7.318480e-02 -1.409471e-01 2.451396e-01 1.775312e-01 0. 0. 0. -1.638937e-01 8.611335e-02 2.705824e-01 -1.343472e-01 1.527017e-01 -4.017010e-01 -2.416172e-01
3.742972e+00 0. 0. 0. 1.370047e-01 -6.815382e-02 -1.246271e-01 7.117260e-02 -1.364004e-01 2.414460e-01 1.736026e-01 0. 0. 0. -1.604479e-01 8.236347e-02 2.714804e-01 -1.302064e-01 1.481671e-01 -3.943725e-01 -2.357155e-01
3.781124e+00 0. 0. 0. 1.329737e-01 -6.510826e-02 -1.251502e-01 6.919449e-02 -1.319625e-01 2.376940e-01 1.696934e-01 0. 0. 0. -1.569607e-01 7.876118e-02 2.720462e-01 -1.261535e-01 1.436959e-01 -3.870017e-01 -2.298693e-01
3.819277e+00 0. 0. 0. 1.290377e-01 -6.219298e-02 -1.255185e-01 6.724962e-02 -1.276366e-01 2.338882e-01 1.658046e-01 0. 0. 0. -1.534561e-01 7.529346e-02 2.722805e-01 -1.221797e-01 1.392991e-01 -3.795862e-01 -2.240743e-01
3.857430e+00 0. 0. 0. 1.251799e-01 -5.939935e-02 -1.257459e-01 6.534257e-02 -1.234123e-01 2.300408e-01 1.619378e-01 0. 0. 0. -1.499039e-01 7.194700e-02 2.721482e-01 -1.182744e-01 1.349567e-01 -3.721054e-01 -2.183095e-01
3.895582e+00 0. 0. 0. 1.214072e-01 -5.672575e-02 -1.258352e-01 6.347104e-02 -1.192935e-01 2.261540e-01 1.580985e-01 0. 0. 0. -1.463290e-01 6.872850e-02 2.716976e-01 -1.144511e-01 1.306827e-01 -3.645935e-01 -2.126000e-01
3.933735e+00 0. 0. 0. 1.177322e-01 -5.417071e-02 -1.257885e-01 6.163363e-02 -1.152878e-01 2.222303e-01 1.542926e-01 0. 0. 0. -1.427728e-01 6.564354e-02 2.709868e-01 -1.107152e-01 1.265017e-01 -3.570872e-01 -2.069708e-01
3.971888e+00 0. 0. 0. 1.141277e-01 -5.172027e-02 -1.256269e-01 5.983522e-02 -1.113770e-01 2.182861e-01 1.505184e-01 0. 0. 0. -1.391726e-01 6.266248e-02 2.699192e-01 -1.070547e-01 1.223703e-01 -3.495274e-01 -2.013731e-01
4.010040e+00 0. 0. 0. 1.106153e-01 -4.937720e-02 -1.253415e-01 5.807122e-02 -1.075745e-01 2.143154e-01 1.467804e-01 0. 0. 0. -1.355946e-01 5.980512e-02 2.686024e-01 -1.034707e-01 1.183307e-01 -3.419790e-01 -1.958531e-01
4.048193e+00 0. 0. 0. 1.071838e-01 -4.713153e-02 -1.249503e-01 5.634560e-02 -1.038721e-01 2.103324e-01 1.430810e-01 0. 0. 0. -1.320163e-01 5.704953e-02 2.669848e-01 -9.996339e-02 1.143640e-01 -3.344114e-01 -1.903853e-01
4.086345e+00 0. 0. 0. 1.038409e-01 -4.498882e-02 -1.244485e-01 5.465380e-02 -1.002748e-01 2.063333e-01 1.394274e-01 0. 0. 0. -1.284661e-01 5.441993e-02 2.651713e-01 -9.655534e-02 1.104891e-01 -3.268948e-01 -1.850198e-01
4.124498e+00 0. 0. 0. 1.005667e-01 -4.293468e-02 -1.238537e-01 5.300026e-02 -9.676876e-02 2.023324e-01 1.358146e-01 0. 0. 0. -1.249017e-01 5.188483e-02 2.630603e-01 -9.321876e-02 1.066756e-01 -3.193605e-01 -1.797018e-01
4.162651e+00 0. 0. 0. 9.737977e-02 -4.096854e-02 -1.231632e-01 5.138302e-02 -9.336448e-02 1.983279e-01 1.322476e-01 0. 0. 0. -1.213772e-01 4.945078e-02 2.607281e-01 -8.995782e-02 1.029551e-01 -3.118545e-01 -1.744623e-01
4.200803e+00 0. 0. 0. 9.427538e-02 -3.909125e-02 -1.223812e-01 4.980052e-02 -9.005880e-02 1.943232e-01 1.287309e-01 0. 0. 0. -1.178899e-01 4.712502e-02 2.582148e-01 -8.679075e-02 9.932512e-02 -3.044056e-01 -1.693208e-01
4.238956e+00 0. 0. 0. 9.124843e-02 -3.729361e-02 -1.215163e-01 4.825440e-02 -8.684697e-02 1.903250e-01 1.252622e-01 0. 0. 0. -1.144330e-01 4.489059e-02 2.554834e-01 -8.369907e-02 9.577790e-02 -2.969857e-01 -1.642531e-01
4.277108e+00 0. 0. 0. 8.830329e-02 -3.557304e-02 -1.205722e-01 4.674433e-02 -8.373093e-02 1.863365e-01 1.218443e-01 0. 0. 0. -1.110253e-01 4.274607e-02 2.525637e-01 -8.068208e-02 9.232333e-02 -2.896115e-01 -1.592682e-01
4.315261e+00 0. 0. 0. 8.543078e-02 -3.392894e-02 -1.195536e-01 4.526921e-02 -8.070464e-02 1.823613e-01 1.184791e-01 0. 0. 0. -1.076494e-01 4.069577e-02 2.494729e-01 -7.774875e-02 8.895000e-02 -2.822962e-01 -1.543736e-01
4.353414e+00 0. 0. 0. 8.262788e-02 -3.235498e-02 -1.184702e-01 4.383048e-02 -7.776469e-02 1.784059e-01 1.151668e-01 0. 0. 0. -1.043040e-01 3.872648e-02 2.461882e-01 -7.489460e-02 8.565355e-02 -2.750226e-01 -1.495547e-01
4.391566e+00 0. 0. 0. 7.990750e-02 -3.085407e-02 -1.173152e-01 4.242434e-02 -7.491862e-02 1.744664e-01 1.119121e-01 0. 0. 0. -1.010291e-01 3.685319e-02 2.428107e-01 -7.212713e-02 8.245854e-02 -2.678519e-01 -1.448517e-01
4.429719e+00 0. 0. 0. 7.725480e-02 -2.941576e-02 -1.161037e-01 4.105357e-02 -7.215568e-02 1.705529e-01 1.087106e-01 0. 0. 0. -9.779163e-02 3.505199e-02 2.392531e-01 -6.942862e-02 7.934052e-02 -2.607260e-01 -1.402211e-01
4.467871e+00 0. 0. 0. 7.467465e-02 -2.804002e-02 -1.148363e-01 3.971750e-02 -6.947810e-02 1.666667e-01 1.055655e-01 0. 0. 0. -9.461060e-02 3.332708e-02 2.355640e-01 -6.680355e-02 7.631005e-02 -2.536738e-01 -1.356805e-01
4.506024e+00 0. 0. 0. 7.216533e-02 -2.672732e-02 -1.135156e-01 3.841396e-02 -6.688396e-02 1.628089e-01 1.024798e-01 0. 0. 0. -9.148628e-02 3.168347e-02 2.317811e-01 -6.426598e-02 7.336586e-02 -2.467190e-01 -1.312451e-01
4.544177e+00 0. 0. 0. 6.972992e-02 -2.547054e-02 -1.121443e-01 3.714407e-02 -6.437371e-02 1.589819e-01 9.945037e-02 0. 0. 0. -8.843380e-02 3.010787e-02 2.278908e-01 -6.179186e-02 7.051433e-02 -2.398453e-01 -1.268997e-01
4.582329e+00 0. 0. 0. 6.735568e-02 -2.427077e-02 -1.107308e-01 3.590722e-02 -6.193923e-02 1.551911e-01 9.648023e-02 0. 0. 0. -8.542373e-02 2.860494e-02 2.238985e-01 -5.939991e-02 6.773701e-02 -2.330601e-01 -1.226486e-01
4.620482e+00 0. 0. 0. 6.505069e-02 -2.312381e-02 -1.092731e-01 3.470217e-02 -5.958400e-02 1.514352e-01 9.356799e-02 0. 0. 0. -8.248309e-02 2.716891e-02 2.198288e-01 -5.707656e-02 6.504775e-02 -2.263716e-01 -1.184941e-01
4.658635e+00 0. 0. 0. 6.281049e-02 -2.202857e-02 -1.077774e-01 3.352870e-02 -5.730431e-02 1.477180e-01 9.071548e-02 0. 0. 0. -7.960412e-02 2.579898e-02 2.156903e-01 -5.483019e-02 6.244005e-02 -2.197847e-01 -1.144383e-01
4.696787e+00 0. 0. 0. 6.062972e-02 -2.098018e-02 -1.062501e-01 3.238809e-02 -5.509594e-02 1.440441e-01 8.792041e-02 0. 0. 0. -7.677845e-02 2.448593e-02 2.114553e-01 -5.264725e-02 5.990702e-02 -2.132784e-01 -1.104642e-01
4.734940e+00 0. 0. 0. 5.851974e-02 -1.998066e-02 -1.046848e-01 3.127641e-02 -5.296490e-02 1.404087e-01 8.518615e-02 0. 0. 0. -7.403864e-02 2.323926e-02 2.072142e-01 -5.053655e-02 5.746739e-02 -2.069049e-01 -1.066045e-01
4.773092e+00 0. 0. 0. 5.646305e-02 -1.902423e-02 -1.030960e-01 3.019639e-02 -5.089941e-02 1.368209e-01 8.250944e-02 0. 0. 0. -7.134400e-02 2.204472e-02 2.028838e-01 -4.849206e-02 5.509401e-02 -2.006125e-01 -1.028238e-01
4.811245e+00 0. 0. 0. 5.447421e-02 -1.811237e-02 -1.014769e-01 2.914559e-02 -4.890744e-02 1.332764e-01 7.989396e-02 0. 0. 0. -6.873568e-02 2.091020e-02 1.985599e-01 -4.651716e-02 5.281075e-02 -1.944548e-01 -9.915459e-02
4.849398e+00 0. 0. 0. 5.253897e-02 -1.724137e-02 -9.983807e-02 2.812421e-02 -4.697947e-02 1.297813e-01 7.733700e-02 0. 0. 0. -6.618010e-02 1.982755e-02 1.941874e-01 -4.460945e-02 5.059566e-02 -1.883975e-01 -9.557339e-02
4.887550e+00 0. 0. 0. 5.066127e-02 -1.640893e-02 -9.817877e-02 2.713203e-02 -4.511674e-02 1.263350e-01 7.483815e-02 0. 0. 0. -6.369176e-02 1.879429e-02 1.897889e-01 -4.276144e-02 4.845585e-02 -1.824495e-01 -9.208334e-02
4.925703e+00 0. 0. 0. 4.883873e-02 -1.561389e-02 -9.650200e-02 2.616783e-02 -4.331702e-02 1.229389e-01 7.239727e-02 0. 0. 0. -6.126738e-02 1.780932e-02 1.853720e-01 -4.097472e-02 4.638795e-02 -1.766131e-01 -8.868465e-02
4.963855e+00 0. 0. 0. 4.707499e-02 -1.485622e-02 -9.480827e-02 2.523145e-02 -4.158146e-02 1.195928e-01 7.001637e-02 0. 0. 0. -5.891957e-02 1.687420e-02 1.809760e-01 -3.925413e-02 4.439807e-02 -1.709092e-01 -8.538918e-02
5.002008e+00 0. 0. 0. 4.536204e-02 -1.413238e-02 -9.310283e-02 2.432239e-02 -3.990433e-02 1.162996e-01 6.769223e-02 0. 0. 0. -5.663077e-02 1.598227e-02 1.765650e-01 -3.759168e-02 4.247423e-02 -1.653134e-01 -8.217960e-02
5.040161e+00 0. 0. 0. 4.370306e-02 -1.344207e-02 -9.138541e-02 2.343974e-02 -3.828675e-02 1.130586e-01 6.542579e-02 0. 0. 0. -5.441198e-02 1.513472e-02 1.721737e-01 -3.598826e-02 4.062185e-02 -1.598429e-01 -7.906523e-02
5.078313e+00 0. 0. 0. 4.209241e-02 -1.278241e-02 -8.966126e-02 2.258366e-02 -3.672432e-02 1.098726e-01 6.321505e-02 0. 0. 0. -5.225163e-02 1.432575e-02 1.677759e-01 -3.443930e-02 3.883238e-02 -1.544797e-01 -7.603319e-02
5.116466e+00 0. 0. 0. 4.053418e-02 -1.215343e-02 -8.792906e-02 2.175316e-02 -3.521859e-02 1.067400e-01 6.106111e-02 0. 0. 0. -5.016253e-02 1.355756e-02 1.634132e-01 -3.294654e-02 3.711241e-02 -1.492448e-01 -7.309525e-02
5.154618e+00 0. 0. 0. 3.902313e-02 -1.155404e-02 -8.619483e-02 2.094797e-02 -3.376580e-02 1.036639e-01 5.896368e-02 0. 0. 0. -4.813275e-02 1.282793e-02 1.590738e-01 -3.151167e-02 3.545378e-02 -1.441302e-01 -7.024519e-02
5.192771e+00 0. 0. 0. 3.756166e-02 -1.098191e-02 -8.445597e-02 2.016693e-02 -3.236621e-02 1.006419e-01 5.692071e-02 0. 0. 0. -4.617205e-02 1.213387e-02 1.547713e-01 -3.012716e-02 3.386060e-02 -1.391383e-01 -6.748298e-02
5.230924e+00 0. 0. 0. 3.614568e-02 -1.043588e-02 -8.271755e-02 1.941014e-02 -3.101677e-02 9.767678e-02 5.493174e-02 0. 0. 0. -4.427133e-02 1.147333e-02 1.504967e-01 -2.879213e-02 3.232670e-02 -1.342625e-01 -6.480290e-02
5.269076e+00 0. 0. 0. 3.477396e-02 -9.916252e-03 -8.098184e-02 1.867694e-02 -2.971607e-02 9.476882e-02 5.299752e-02 0. 0. 0. -4.242869e-02 1.084796e-02 1.462673e-01 -2.751163e-02 3.085016e-02 -1.295109e-01 -6.220938e-02
5.307229e+00 0. 0. 0. 3.344625e-02 -9.420643e-03 -7.924974e-02 1.796691e-02 -2.846294e-02 9.191795e-02 5.111623e-02 0. 0. 0. -4.064661e-02 1.025334e-02 1.420791e-01 -2.627952e-02 2.943082e-02 -1.248771e-01 -5.969707e-02
5.345382e+00 0. 0. 0. 3.216391e-02 -8.947662e-03 -7.752016e-02 1.727903e-02 -2.725733e-02 8.912269e-02 4.928660e-02 0. 0. 0. -3.893029e-02 9.688075e-03 1.379459e-01 -2.509101e-02 2.807068e-02 -1.203654e-01 -5.726688e-02
5.383534e+00 0. 0. 0. 3.092118e-02 -8.496754e-03 -7.579831e-02 1.661327e-02 -2.609531e-02 8.638542e-02 4.750807e-02 0. 0. 0. -3.726658e-02 9.151047e-03 1.338528e-01 -2.394855e-02 2.676135e-02 -1.159659e-01 -5.491238e-02
5.421687e+00 0. 0. 0. 2.972046e-02 -8.067643e-03 -7.408394e-02 1.596913e-02 -2.497743e-02 8.370508e-02 4.578104e-02 0. 0. 0. -3.566304e-02 8.642588e-03 1.298255e-01 -2.285336e-02 2.550615e-02 -1.116905e-01 -5.263969e-02
5.459839e+00 0. 0. 0. 2.856026e-02 -7.659022e-03 -7.237858e-02 1.534582e-02 -2.390212e-02 8.108174e-02 4.410421e-02 0. 0. 0. -3.411734e-02 8.160858e-03 1.258626e-01 -2.180205e-02 2.430284e-02 -1.075354e-01 -5.044532e-02
5.497992e+00 0. 0. 0. 2.743831e-02 -7.269387e-03 -7.068324e-02 1.474285e-02 -2.286734e-02 7.851510e-02 4.247565e-02 0. 0. 0. -3.262559e-02 7.703337e-03 1.219553e-01 -2.079050e-02 2.314822e-02 -1.034926e-01 -4.832341e-02
5.536145e+00 0. 0. 0. 2.635240e-02 -6.898005e-03 -6.900084e-02 1.416002e-02 -2.187112e-02 7.600608e-02 4.089479e-02 0. 0. 0. -3.118369e-02 7.268726e-03 1.181005e-01 -1.981918e-02 2.203906e-02 -9.955824e-02 -4.627104e-02
5.574297e+00 0. 0. 0. 2.530597e-02 -6.545193e-03 -6.733041e-02 1.359629e-02 -2.091476e-02 7.355303e-02 3.936253e-02 0. 0. 0. -2.980045e-02 6.858928e-03 1.143339e-01 -1.889010e-02 2.097972e-02 -9.574989e-02 -4.429764e-02
5.612450e+00 0. 0. 0. 2.429200e-02 -6.208228e-03 -6.567537e-02 1.305214e-02 -1.999359e-02 7.115735e-02 3.787507e-02 0. 0. 0. -2.846136e-02 6.468064e-03 1.106085e-01 -1.799526e-02 1.996088e-02 -9.203818e-02 -4.238494e-02
5.650602e+00 0. 0. 0. 2.331480e-02 -5.888375e-03 -6.403543e-02 1.252612e-02 -1.910942e-02 6.881762e-02 3.643453e-02 0. 0. 0. -2.717642e-02 6.099906e-03 1.069720e-01 -1.714108e-02 1.898770e-02 -8.844809e-02 -4.054710e-02
5.688755e+00 0. 0. 0. 2.237105e-02 -5.583247e-03 -6.241119e-02 1.201815e-02 -1.825964e-02 6.653340e-02 3.503768e-02 0. 0. 0. -2.593994e-02 5.749929e-03 1.033990e-01 -1.631933e-02 1.805596e-02 -8.496185e-02 -3.877261e-02
5.726908e+00 0. 0. 0. 2.146059e-02 -5.293211e-03 -6.080439e-02 1.152745e-02 -1.744370e-02 6.430462e-02 3.368500e-02 0. 0. 0. -2.475135e-02 5.419324e-03 9.990369e-02 -1.553319e-02 1.716485e-02 -8.158596e-02 -3.706476e-02
5.765060e+00 0. 0. 0. 2.058241e-02 -5.017440e-03 -5.921626e-02 1.105409e-02 -1.666032e-02 6.213119e-02 3.237560e-02 0. 0. 0. -2.360982e-02 5.106690e-03 9.648569e-02 -1.478145e-02 1.631306e-02 -7.831757e-02 -3.542127e-02
5.803213e+00 0. 0. 0. 1.973482e-02 -4.755017e-03 -5.764732e-02 1.059741e-02 -1.590802e-02 6.001237e-02 3.110789e-02 0. 0. 0. -2.251199e-02 4.810656e-03 9.313899e-02 -1.406142e-02 1.549813e-02 -7.515104e-02 -3.383813e-02
5.841365e+00 0. 0. 0. 1.891692e-02 -4.505346e-03 -5.609811e-02 1.015680e-02 -1.518569e-02 5.794747e-02 2.988091e-02 0. 0. 0. -2.145682e-02 4.530499e-03 8.986501e-02 -1.337206e-02 1.471879e-02 -7.208481e-02 -3.231393e-02
5.879518e+00 0. 0. 0. 1.812900e-02 -4.268160e-03 -5.456925e-02 9.731778e-03 -1.449298e-02 5.593586e-02 2.869435e-02 0. 0. 0. -2.044527e-02 4.266132e-03 8.667305e-02 -1.271324e-02 1.397504e-02 -6.912193e-02 -3.084978e-02
5.917671e+00 0. 0. 0. 1.736938e-02 -4.042215e-03 -5.306095e-02 9.322046e-03 -1.382834e-02 5.397675e-02 2.754636e-02 0. 0. 0. -1.947507e-02 4.015274e-03 8.355286e-02 -1.208151e-02 1.326484e-02 -6.625412e-02 -2.944037e-02
5.955823e+00 0. 0. 0. 1.663797e-02 -3.828037e-03 -5.157530e-02 8.927217e-03 -1.319131e-02 5.207027e-02 2.643756e-02 0. 0. 0. -1.854539e-02 3.779374e-03 8.051827e-02 -1.148009e-02 1.258742e-02 -6.348771e-02 -2.808895e-02
5.993976e+00 0. 0. 0. 1.593161e-02 -3.623844e-03 -5.011175e-02 8.546871e-03 -1.257958e-02 5.021524e-02 2.536485e-02 0. 0. 0. -1.765084e-02 3.555149e-03 7.754513e-02 -1.090273e-02 1.193908e-02 -6.080672e-02 -2.678585e-02
6.032129e+00 0. 0. 0. 1.525314e-02 -3.430414e-03 -4.867131e-02 8.180426e-03 -1.199423e-02 4.841111e-02 2.432979e-02 0. 0. 0. -1.679741e-02 3.344579e-03 7.466486e-02 -1.035360e-02 1.132271e-02 -5.822677e-02 -2.553950e-02
6.070281e+00 0. 0. 0. 1.459888e-02 -3.246411e-03 -4.725418e-02 7.827439e-03 -1.143278e-02 4.665710e-02 2.332965e-02 0. 0. 0. -1.597797e-02 3.145266e-03 7.185368e-02 -9.828206e-03 1.073384e-02 -5.573266e-02 -2.434093e-02
6.108434e+00 0. 0. 0. 1.396965e-02 -3.071329e-03 -4.586014e-02 7.487706e-03 -1.089518e-02 4.495216e-02 2.236391e-02 0. 0. 0. -1.519513e-02 2.956522e-03 6.911930e-02 -9.325220e-03 1.017334e-02 -5.332643e-02 -2.319072e-02
6.146586e+00 0. 0. 0. 1.336405e-02 -2.905581e-03 -4.449178e-02 7.160940e-03 -1.038031e-02 4.329673e-02 2.143274e-02 0. 0. 0. -1.444524e-02 2.779254e-03 6.646504e-02 -8.847616e-03 9.638969e-03 -5.100890e-02 -2.208921e-02
6.184739e+00 0. 0. 0. 1.278109e-02 -2.747913e-03 -4.314744e-02 6.846511e-03 -9.887108e-03 4.168895e-02 2.053393e-02 0. 0. 0. -1.372750e-02 2.611459e-03 6.388185e-02 -8.390694e-03 9.129692e-03 -4.877259e-02 -2.103174e-02
6.222892e+00 0. 0. 0. 1.222045e-02 -2.598442e-03 -4.182849e-02 6.544035e-03 -9.415070e-03 4.012859e-02 1.966745e-02 0. 0. 0. -1.304101e-02 2.453550e-03 6.137560e-02 -7.955710e-03 8.644715e-03 -4.661937e-02 -2.001908e-02
6.261044e+00 0. 0. 0. 1.168069e-02 -2.456485e-03 -4.053464e-02 6.253221e-03 -8.962986e-03 3.861460e-02 1.883178e-02 0. 0. 0. -1.238342e-02 2.304405e-03 5.893858e-02 -7.540599e-03 8.182323e-03 -4.454324e-02 -1.904760e-02
6.299197e+00 0. 0. 0. 1.116313e-02 -2.321830e-03 -3.926561e-02 5.973684e-03 -8.531113e-03 3.714580e-02 1.802678e-02 0. 0. 0. -1.175812e-02 2.163925e-03 5.658316e-02 -7.145188e-03 7.743877e-03 -4.254888e-02 -1.811954e-02
6.337349e+00 0. 0. 0. 1.066491e-02 -2.194118e-03 -3.802264e-02 5.705209e-03 -8.117599e-03 3.572205e-02 1.725111e-02 0. 0. 0. -1.115912e-02 2.031473e-03 5.429541e-02 -6.768792e-03 7.325881e-03 -4.062768e-02 -1.723002e-02
6.375502e+00 0. 0. 0. 1.018653e-02 -2.072970e-03 -3.680496e-02 5.447118e-03 -7.722337e-03 3.434193e-02 1.650403e-02 0. 0. 0. -1.058780e-02 1.906744e-03 5.208095e-02 -6.410071e-03 6.928714e-03 -3.878081e-02 -1.637934e-02
6.413655e+00 0. 0. 0. 9.726500e-03 -1.957967e-03 -3.561289e-02 5.199354e-03 -7.344187e-03 3.300480e-02 1.578446e-02 0. 0. 0. -1.004160e-02 1.788920e-03 4.993232e-02 -6.068176e-03 6.550633e-03 -3.700284e-02 -1.556441e-02
6.451807e+00 0. 0. 0. 9.286070e-03 -1.849161e-03 -3.444691e-02 4.961427e-03 -6.983465e-03 3.170994e-02 1.509258e-02 0. 0. 0. -9.523088e-03 1.678436e-03 4.786301e-02 -5.743623e-03 6.192712e-03 -3.529947e-02 -1.478797e-02
6.489960e+00 0. 0. 0. 8.861815e-03 -1.745737e-03 -3.330631e-02 4.733117e-03 -6.638042e-03 3.045621e-02 1.442606e-02 0. 0. 0. -9.025821e-03 1.573822e-03 4.585035e-02 -5.433701e-03 5.851219e-03 -3.365731e-02 -1.404274e-02
6.528112e+00 0. 0. 0. 8.455665e-03 -1.648037e-03 -3.219235e-02 4.514121e-03 -6.308626e-03 2.924332e-02 1.378576e-02 0. 0. 0. -8.553574e-03 1.475914e-03 4.391353e-02 -5.140255e-03 5.527888e-03 -3.208522e-02 -1.333324e-02
6.566265e+00 0. 0. 0. 8.065635e-03 -1.555436e-03 -3.110417e-02 4.304092e-03 -5.993864e-03 2.807000e-02 1.316994e-02 0. 0. 0. -8.102812e-03 1.383682e-03 4.203971e-02 -4.861158e-03 5.220551e-03 -3.057503e-02 -1.265494e-02
6.604418e+00 0. 0. 0. 7.691557e-03 -1.467553e-03 -3.004121e-02 4.102569e-03 -5.693363e-03 2.693511e-02 1.257776e-02 0. 0. 0. -7.673607e-03 1.296659e-03 4.022902e-02 -4.595088e-03 4.928953e-03 -2.912537e-02 -1.200690e-02
6.642570e+00 0. 0. 0. 7.332822e-03 -1.384416e-03 -2.900435e-02 3.909420e-03 -5.406540e-03 2.583831e-02 1.200890e-02 0. 0. 0. -7.264702e-03 1.214954e-03 3.848203e-02 -4.342713e-03 4.652226e-03 -2.773553e-02 -1.138867e-02
6.680723e+00 0. 0. 0. 6.989156e-03 -1.305726e-03 -2.799310e-02 3.724386e-03 -5.132965e-03 2.477849e-02 1.146259e-02 0. 0. 0. -6.875903e-03 1.138154e-03 3.679828e-02 -4.103150e-03 4.389993e-03 -2.640395e-02 -1.079927e-02
6.718876e+00 0. 0. 0. 6.659646e-03 -1.231210e-03 -2.700726e-02 3.547135e-03 -4.871915e-03 2.375480e-02 1.093791e-02 0. 0. 0. -6.505600e-03 1.065899e-03 3.517356e-02 -3.875576e-03 4.141194e-03 -2.512732e-02 -1.023684e-02
6.757028e+00 0. 0. 0. 6.344016e-03 -1.160672e-03 -2.604648e-02 3.377289e-03 -4.622983e-03 2.276624e-02 1.043420e-02 0. 0. 0. -6.153525e-03 9.980005e-04 3.360832e-02 -3.659482e-03 3.905465e-03 -2.390469e-02 -9.700780e-03
6.795181e+00 0. 0. 0. 6.041909e-03 -1.093947e-03 -2.511076e-02 3.214709e-03 -4.385749e-03 2.181205e-02 9.950917e-03 0. 0. 0. -5.819118e-03 9.342073e-04 3.210181e-02 -3.454503e-03 3.682296e-03 -2.273462e-02 -9.190224e-03
6.833333e+00 0. 0. 0. 5.752431e-03 -1.030824e-03 -2.419989e-02 3.059130e-03 -4.159526e-03 2.089140e-02 9.487232e-03 0. 0. 0. -5.500839e-03 8.742634e-04 3.065010e-02 -3.260069e-03 3.470703e-03 -2.161407e-02 -8.703530e-03
6.871486e+00 0. 0. 0. 5.475197e-03 -9.711757e-04 -2.331387e-02 2.910340e-03 -3.943895e-03 2.000357e-02 9.042603e-03 0. 0. 0. -5.198084e-03 8.180373e-04 2.925274e-02 -3.075946e-03 3.270195e-03 -2.054188e-02 -8.240009e-03
6.909639e+00 0. 0. 0. 5.210383e-03 -9.146945e-04 -2.245168e-02 2.767836e-03 -3.738706e-03 1.914724e-02 8.616317e-03 0. 0. 0. -4.911544e-03 7.651781e-04 2.791125e-02 -2.900997e-03 3.080901e-03 -1.951759e-02 -7.799297e-03
6.947791e+00 0. 0. 0. 4.956485e-03 -8.613219e-04 -2.161381e-02 2.631722e-03 -3.543023e-03 1.832207e-02 8.207660e-03 0. 0. 0. -4.638326e-03 7.155278e-04 2.661800e-02 -2.735351e-03 2.901211e-03 -1.853668e-02 -7.379074e-03
6.985944e+00 0. 0. 0. 4.714069e-03 -8.109442e-04 -2.079993e-02 2.501544e-03 -3.356918e-03 1.752711e-02 7.816365e-03 0. 0. 0. -4.379675e-03 6.690738e-04 2.537846e-02 -2.578667e-03 2.731579e-03 -1.760089e-02 -6.980130e-03
7.024096e+00 0. 0. 0. 4.481896e-03 -7.632369e-04 -2.000906e-02 2.377129e-03 -3.179567e-03 1.676126e-02 7.441275e-03 0. 0. 0. -4.133604e-03 6.253118e-04 2.418457e-02 -2.429859e-03 2.570828e-03 -1.670525e-02 -6.599890e-03
7.062249e+00 0. 0. 0. 4.260397e-03 -7.182572e-04 -1.924178e-02 2.258271e-03 -3.011013e-03 1.602411e-02 7.082442e-03 0. 0. 0. -3.900876e-03 5.844253e-04 2.304183e-02 -2.289333e-03 2.419205e-03 -1.585175e-02 -6.239301e-03
7.100402e+00 0. 0. 0. 4.048711e-03 -6.757540e-04 -1.849724e-02 2.144781e-03 -2.850642e-03 1.531462e-02 6.738940e-03 0. 0. 0. -3.680143e-03 5.460343e-04 2.194474e-02 -2.156268e-03 2.275873e-03 -1.503677e-02 -5.896506e-03
7.138554e+00 0. 0. 0. 3.846134e-03 -6.355552e-04 -1.777482e-02 2.036375e-03 -2.697942e-03 1.463187e-02 6.410011e-03 0. 0. 0. -3.470269e-03 5.099402e-04 2.088960e-02 -2.030073e-03 2.140133e-03 -1.425773e-02 -5.570159e-03
7.176707e+00 0. 0. 0. 3.653066e-03 -5.976846e-04 -1.707497e-02 1.932916e-03 -2.552949e-03 1.397546e-02 6.095664e-03 0. 0. 0. -3.272005e-03 4.762512e-04 1.988116e-02 -1.911025e-03 2.012238e-03 -1.351625e-02 -5.261038e-03
7.214859e+00 0. 0. 0. 3.468484e-03 -5.619145e-04 -1.639667e-02 1.834228e-03 -2.415000e-03 1.334431e-02 5.794933e-03 0. 0. 0. -3.083742e-03 4.446182e-04 1.891276e-02 -1.798365e-03 1.891247e-03 -1.280829e-02 -4.967114e-03
7.253012e+00 0. 0. 0. 3.292600e-03 -5.281754e-04 -1.573978e-02 1.740058e-03 -2.284047e-03 1.273775e-02 5.507569e-03 0. 0. 0. -2.905948e-03 4.150230e-04 1.798705e-02 -1.691898e-03 1.777279e-03 -1.213444e-02 -4.688633e-03
7.291165e+00 0. 0. 0. 3.124452e-03 -4.963489e-04 -1.510382e-02 1.650294e-03 -2.159479e-03 1.215502e-02 5.232841e-03 0. 0. 0. -2.737043e-03 3.872942e-04 1.709863e-02 -1.591319e-03 1.669444e-03 -1.149146e-02 -4.423988e-03
7.329317e+00 0. 0. 0. 2.964266e-03 -4.663310e-04 -1.448842e-02 1.564696e-03 -2.041265e-03 1.159536e-02 4.970452e-03 0. 0. 0. -2.577565e-03 3.613410e-04 1.624966e-02 -1.496292e-03 1.567891e-03 -1.087968e-02 -4.173311e-03
7.367470e+00 0. 0. 0. 2.811636e-03 -4.380109e-04 -1.389311e-02 1.483083e-03 -1.929077e-03 1.105802e-02 4.719875e-03 0. 0. 0. -2.426906e-03 3.370316e-04 1.543808e-02 -1.406471e-03 1.472218e-03 -1.029748e-02 -3.935789e-03
7.405622e+00 0. 0. 0. 2.665923e-03 -4.113384e-04 -1.331767e-02 1.405397e-03 -1.822486e-03 1.054240e-02 4.480619e-03 0. 0. 0. -2.283999e-03 3.142985e-04 1.466073e-02 -1.321787e-03 1.381817e-03 -9.742833e-03 -3.710426e-03
7.443775e+00 0. 0. 0. 2.527170e-03 -3.861993e-04 -1.276158e-02 1.331374e-03 -1.721385e-03 1.004772e-02 4.252303e-03 0. 0. 0. -2.149086e-03 2.930405e-04 1.391847e-02 -1.241844e-03 1.296707e-03 -9.215505e-03 -3.497093e-03
7.481928e+00 0. 0. 0. 2.394940e-03 -3.624706e-04 -1.222415e-02 1.260862e-03 -1.625447e-03 9.573180e-03 4.034363e-03 0. 0. 0. -2.021557e-03 2.730954e-04 1.320869e-02 -1.166242e-03 1.216498e-03 -8.713688e-03 -3.294897e-03
7.520080e+00 0. 0. 0. 2.269068e-03 -3.401705e-04 -1.170557e-02 1.193797e-03 -1.534492e-03 9.118411e-03 3.826625e-03 0. 0. 0. -1.901104e-03 2.545165e-04 1.253161e-02 -1.095157e-03 1.140970e-03 -8.237043e-03 -3.103683e-03
7.558233e+00 0. 0. 0. 2.149116e-03 -3.191516e-04 -1.120496e-02 1.129971e-03 -1.448199e-03 8.682525e-03 3.628474e-03 0. 0. 0. -1.787174e-03 2.371210e-04 1.188444e-02 -1.028060e-03 1.069770e-03 -7.783684e-03 -2.922532e-03
7.596386e+00 0. 0. 0. 2.034962e-03 -2.993294e-04 -1.072183e-02 1.069195e-03 -1.366411e-03 8.264844e-03 3.439540e-03 0. 0. 0. -1.679647e-03 2.208302e-04 1.126676e-02 -9.646620e-04 1.002763e-03 -7.352912e-03 -2.751097e-03
7.634538e+00 0. 0. 0. 1.926315e-03 -2.807090e-04 -1.025617e-02 1.011473e-03 -1.288899e-03 7.864967e-03 3.259580e-03 0. 0. 0. -1.578065e-03 2.056463e-04 1.067764e-02 -9.050874e-04 9.396662e-04 -6.943888e-03 -2.588996e-03
7.672691e+00 0. 0. 0. 1.823030e-03 -2.631766e-04 -9.807324e-03 9.565753e-04 -1.215497e-03 7.482135e-03 3.088165e-03 0. 0. 0. -1.482326e-03 1.914558e-04 1.011631e-02 -8.489200e-04 8.803564e-04 -6.555762e-03 -2.435809e-03
7.710843e+00 0. 0. 0. 1.724753e-03 -2.466745e-04 -9.374795e-03 9.043994e-04 -1.145950e-03 7.115726e-03 2.924889e-03 0. 0. 0. -1.391929e-03 1.781926e-04 9.580896e-03 -7.959962e-04 8.245321e-04 -6.187245e-03 -2.290932e-03
7.748996e+00 0. 0. 0. 1.631338e-03 -2.311542e-04 -8.958240e-03 8.548160e-04 -1.080108e-03 6.765187e-03 2.769460e-03 0. 0. 0. -1.306705e-03 1.658147e-04 9.070928e-03 -7.461724e-04 7.720525e-04 -5.837706e-03 -2.154074e-03
7.787149e+00 0. 0. 0. 1.542607e-03 -2.165586e-04 -8.557255e-03 8.077258e-04 -1.017806e-03 6.429955e-03 2.621559e-03 0. 0. 0. -1.226437e-03 1.542590e-04 8.585549e-03 -6.992746e-04 7.227571e-04 -5.506361e-03 -2.024865e-03
7.825301e+00 0. 0. 0. 1.458238e-03 -2.028338e-04 -8.171333e-03 7.630143e-04 -9.588179e-04 6.109432e-03 2.480813e-03 0. 0. 0. -1.150697e-03 1.434703e-04 8.123076e-03 -6.551380e-04 6.763888e-04 -5.192056e-03 -1.902775e-03
7.863454e+00 0. 0. 0. 1.378152e-03 -1.899346e-04 -7.800144e-03 7.205733e-04 -9.030346e-04 5.803111e-03 2.346971e-03 0. 0. 0. -1.079416e-03 1.334073e-04 7.683319e-03 -6.136264e-04 6.328640e-04 -4.894349e-03 -1.787598e-03
7.901606e+00 0. 0. 0. 1.302057e-03 -1.778178e-04 -7.443268e-03 6.802973e-04 -8.502531e-04 5.510476e-03 2.219703e-03 0. 0. 0. -1.012192e-03 1.240288e-04 7.264750e-03 -5.746036e-04 5.919478e-04 -4.612209e-03 -1.678864e-03
7.939759e+00 0. 0. 0. 1.229756e-03 -1.664179e-04 -7.100089e-03 6.420891e-04 -8.003150e-04 5.230910e-03 2.098670e-03 0. 0. 0. -9.488164e-04 1.152560e-04 6.866163e-03 -5.378539e-04 5.534906e-04 -4.344731e-03 -1.576161e-03
7.977912e+00 0. 0. 0. 1.161308e-03 -1.557343e-04 -6.770703e-03 6.058632e-04 -7.531894e-04 4.964150e-03 1.983792e-03 0. 0. 0. -8.893716e-04 1.071119e-04 6.488496e-03 -5.034013e-04 5.174940e-04 -4.092076e-03 -1.479566e-03
8.016064e+00 0. 0. 0. 1.096227e-03 -1.456861e-04 -6.454164e-03 5.715128e-04 -7.085875e-04 4.709459e-03 1.874570e-03 0. 0. 0. -8.332371e-04 9.949724e-05 6.128631e-03 -4.709700e-04 4.836230e-04 -3.852490e-03 -1.388286e-03
8.054217e+00 0. 0. 0. 1.034557e-03 -1.362575e-04 -6.150406e-03 5.389547e-04 -6.664761e-04 4.466506e-03 1.770887e-03 0. 0. 0. -7.804994e-04 9.240934e-05 5.787208e-03 -4.405220e-04 4.518816e-04 -3.626003e-03 -1.302337e-03
8.092369e+00 0. 0. 0. 9.760559e-04 -1.274128e-04 -5.858939e-03 5.081245e-04 -6.266890e-04 4.234795e-03 1.672455e-03 0. 0. 0. -7.308503e-04 8.580797e-05 5.462854e-03 -4.119530e-04 4.220891e-04 -3.411721e-03 -1.221325e-03
8.130522e+00 0. 0. 0. 9.206212e-04 -1.191104e-04 -5.579382e-03 4.789101e-04 -5.891281e-04 4.013867e-03 1.579040e-03 0. 0. 0. -6.841943e-04 7.965801e-05 5.155098e-03 -3.851183e-04 3.941667e-04 -3.209168e-03 -1.145038e-03
8.168675e+00 0. 0. 0. 8.681075e-04 -1.113148e-04 -5.311326e-03 4.512323e-04 -5.536783e-04 3.803292e-03 1.490409e-03 0. 0. 0. -6.403714e-04 7.392409e-05 4.863173e-03 -3.599052e-04 3.680073e-04 -3.017754e-03 -1.073216e-03
8.206827e+00 0. 0. 0. 8.183843e-04 -1.040153e-04 -5.054535e-03 4.250479e-04 -5.202367e-04 3.602728e-03 1.406389e-03 0. 0. 0. -5.992116e-04 6.860044e-05 4.586540e-03 -3.362966e-04 3.435041e-04 -2.837024e-03 -1.005666e-03
8.244980e+00 0. 0. 0. 7.712266e-04 -9.716284e-05 -4.808404e-03 4.002668e-04 -4.886535e-04 3.411627e-03 1.326671e-03 0. 0. 0. -5.604601e-04 6.363289e-05 4.323770e-03 -3.141216e-04 3.205080e-04 -2.666087e-03 -9.419967e-04
8.283133e+00 0. 0. 0. 7.266493e-04 -9.074474e-05 -4.572804e-03 3.768219e-04 -4.588974e-04 3.229726e-03 1.251156e-03 0. 0. 0. -5.241526e-04 5.901893e-05 4.075183e-03 -2.933451e-04 2.990099e-04 -2.504895e-03 -8.821934e-04
8.321285e+00 0. 0. 0. 6.844258e-04 -8.473195e-05 -4.347264e-03 3.546599e-04 -4.308251e-04 3.056590e-03 1.179591e-03 0. 0. 0. -4.900230e-04 5.472713e-05 3.839492e-03 -2.738803e-04 2.788617e-04 -2.352669e-03 -8.259193e-04
8.359438e+00 0. 0. 0. 6.444737e-04 -7.909404e-05 -4.131416e-03 3.336924e-04 -4.043620e-04 2.891836e-03 1.111790e-03 0. 0. 0. -4.579889e-04 5.073261e-05 3.616243e-03 -2.556186e-04 2.600016e-04 -2.209013e-03 -7.730048e-04
8.397590e+00 0. 0. 0. 6.066814e-04 -7.381268e-05 -3.924942e-03 3.138796e-04 -3.794221e-04 2.735119e-03 1.047581e-03 0. 0. 0. -4.279301e-04 4.701613e-05 3.404859e-03 -2.385087e-04 2.423517e-04 -2.073492e-03 -7.232672e-04
8.435743e+00 0. 0. 0. 5.709283e-04 -6.886617e-05 -3.727494e-03 2.951601e-04 -3.559183e-04 2.586097e-03 9.867868e-04 0. 0. 0. -3.997176e-04 4.356005e-05 3.204718e-03 -2.224822e-04 2.258321e-04 -1.945662e-03 -6.765190e-04
8.473896e+00 0. 0. 0. 5.371873e-04 -6.424269e-05 -3.538933e-03 2.774843e-04 -3.338067e-04 2.444508e-03 9.292990e-04 0. 0. 0. -3.733298e-04 4.035852e-05 3.015804e-03 -2.075051e-04 2.104139e-04 -1.825358e-03 -6.326951e-04
8.512048e+00 0. 0. 0. 5.052308e-04 -5.990254e-05 -3.358594e-03 2.607723e-04 -3.129534e-04 2.309863e-03 8.748410e-04 0. 0. 0. -3.485101e-04 3.736919e-05 2.836616e-03 -1.934352e-04 1.959598e-04 -1.711742e-03 -5.914368e-04
8.550201e+00 0. 0. 0. 4.750836e-04 -5.585251e-05 -3.186504e-03 2.450176e-04 -2.933454e-04 2.182055e-03 8.233887e-04 0. 0. 0. -3.252960e-04 3.460423e-05 2.667561e-03 -1.803137e-04 1.824714e-04 -1.604879e-03 -5.527810e-04
8.588353e+00 0. 0. 0. 4.466102e-04 -5.205913e-05 -3.022197e-03 2.301408e-04 -2.748917e-04 2.060667e-03 7.747289e-04 0. 0. 0. -3.035505e-04 3.203171e-05 2.507768e-03 -1.680201e-04 1.698681e-04 -1.504222e-03 -5.164973e-04
8.626506e+00 0. 0. 0. 4.197106e-04 -4.850956e-05 -2.865370e-03 2.161011e-04 -2.575241e-04 1.945431e-03 7.287249e-04 0. 0. 0. -2.831626e-04 2.964180e-05 2.356705e-03 -1.565139e-04 1.580853e-04 -1.409417e-03 -4.824385e-04
8.664659e+00 0. 0. 0. 3.943339e-04 -4.519540e-05 -2.715846e-03 2.028664e-04 -2.411952e-04 1.836099e-03 6.852715e-04 0. 0. 0. -2.640839e-04 2.742849e-05 2.214164e-03 -1.457746e-04 1.470864e-04 -1.320245e-03 -4.505206e-04
8.702811e+00 0. 0. 0. 3.703767e-04 -4.209646e-05 -2.573236e-03 1.903932e-04 -2.258379e-04 1.732398e-03 6.442228e-04 0. 0. 0. -2.462122e-04 2.537260e-05 2.079522e-03 -1.357335e-04 1.368118e-04 -1.236324e-03 -4.205831e-04
8.740964e+00 0. 0. 0. 3.477809e-04 -3.919934e-05 -2.437307e-03 1.786307e-04 -2.114027e-04 1.634047e-03 6.054563e-04 0. 0. 0. -2.294928e-04 2.346508e-05 1.952483e-03 -1.263464e-04 1.272236e-04 -1.157403e-03 -3.925275e-04
8.779116e+00 0. 0. 0. 3.264671e-04 -3.649126e-05 -2.307780e-03 1.675437e-04 -1.978346e-04 1.540792e-03 5.688510e-04 0. 0. 0. -2.138431e-04 2.169428e-05 1.832584e-03 -1.175718e-04 1.182725e-04 -1.083174e-03 -3.662293e-04
8.817269e+00 0. 0. 0. 3.063761e-04 -3.396329e-05 -2.184426e-03 1.571034e-04 -1.850892e-04 1.452428e-03 5.343107e-04 0. 0. 0. -1.992101e-04 2.005364e-05 1.719546e-03 -1.093828e-04 1.099239e-04 -1.013423e-03 -3.416032e-04
8.855422e+00 0. 0. 0. 2.874510e-04 -3.160210e-05 -2.066999e-03 1.472696e-04 -1.731228e-04 1.368718e-03 5.017279e-04 0. 0. 0. -1.855413e-04 1.853243e-05 1.613045e-03 -1.017347e-04 1.021434e-04 -9.479098e-04 -3.185541e-04
8.893574e+00 0. 0. 0. 2.696081e-04 -2.939731e-05 -1.955203e-03 1.380130e-04 -1.618825e-04 1.289440e-03 4.709912e-04 0. 0. 0. -1.727517e-04 1.712187e-05 1.512603e-03 -9.459476e-05 9.488342e-05 -8.863436e-04 -2.969648e-04
8.931727e+00 0. 0. 0. 2.528124e-04 -2.733966e-05 -1.848863e-03 1.293001e-04 -1.513360e-04 1.214392e-03 4.420169e-04 0. 0. 0. -1.608129e-04 1.581525e-05 1.418046e-03 -8.793305e-05 8.812182e-05 -8.285622e-04 -2.767731e-04
8.969880e+00 0. 0. 0. 2.369899e-04 -2.541985e-05 -1.747725e-03 1.211035e-04 -1.414354e-04 1.143355e-03 4.147005e-04 0. 0. 0. -1.496506e-04 1.460489e-05 1.328953e-03 -8.171907e-05 8.181692e-05 -7.743021e-04 -2.578744e-04
9.008032e+00 0. 0. 0. 2.221047e-04 -2.362976e-05 -1.651601e-03 1.133936e-04 -1.321511e-04 1.076156e-03 3.889677e-04 0. 0. 0. -1.392365e-04 1.348521e-05 1.245146e-03 -7.592712e-05 7.594809e-05 -7.234149e-04 -2.402120e-04
9.046185e+00 0. 0. 0. 2.080795e-04 -2.195866e-05 -1.560205e-03 1.061448e-04 -1.234360e-04 1.012581e-03 3.647140e-04 0. 0. 0. -1.294947e-04 1.244607e-05 1.166150e-03 -7.052129e-05 7.047390e-05 -6.756233e-04 -2.236752e-04
9.084337e+00 0. 0. 0. 1.948939e-04 -2.040280e-05 -1.473426e-03 9.933461e-05 -1.152685e-04 9.524898e-04 3.418844e-04 0. 0. 0. -1.204100e-04 1.148665e-05 1.091904e-03 -6.549109e-05 6.538078e-05 -6.308368e-04 -2.082321e-04
9.122490e+00 0. 0. 0. 1.824904e-04 -1.894896e-05 -1.390979e-03 9.292478e-05 -1.076109e-04 8.956658e-04 3.203801e-04 0. 0. 0. -1.119329e-04 1.059562e-05 1.022039e-03 -6.078972e-05 6.063964e-05 -5.888280e-04 -1.937928e-04
9.160643e+00 0. 0. 0. 1.708326e-04 -1.759727e-05 -1.312762e-03 8.691082e-05 -1.004370e-04 8.419960e-04 3.001524e-04 0. 0. 0. -1.040268e-04 9.774135e-06 9.564009e-04 -5.642291e-05 5.622878e-05 -5.494801e-04 -1.803142e-04
9.198795e+00 0. 0. 0. 1.598640e-04 -1.633695e-05 -1.238494e-03 8.126267e-05 -9.371242e-05 7.913007e-04 2.811152e-04 0. 0. 0. -9.664228e-05 9.012983e-06 8.946326e-04 -5.235230e-05 5.212048e-05 -5.125834e-04 -1.677140e-04
9.236948e+00 0. 0. 0. 1.495675e-04 -1.516322e-05 -1.168095e-03 7.595796e-05 -8.741741e-05 7.434220e-04 2.632114e-04 0. 0. 0. -8.976653e-05 8.309477e-06 8.366565e-04 -4.856246e-05 4.830319e-05 -4.780433e-04 -1.559587e-04
9.275100e+00 0. 0. 0. 1.398876e-04 -1.406979e-05 -1.101313e-03 7.097890e-05 -8.152047e-05 6.982247e-04 2.463726e-04 0. 0. 0. -8.335061e-05 7.658524e-06 7.821566e-04 -4.503320e-05 4.475080e-05 -4.456837e-04 -1.449795e-04
9.313253e+00 0. 0. 0. 1.308123e-04 -1.305259e-05 -1.038037e-03 6.630753e-05 -7.600830e-05 6.556100e-04 2.305599e-04 0. 0. 0. -7.738982e-05 7.057781e-06 7.310890e-04 -4.175193e-05 4.145648e-05 -4.154429e-04 -1.347549e-04
9.351406e+00 0. 0. 0. 1.222766e-04 -1.210494e-05 -9.780499e-04 6.192547e-05 -7.084221e-05 6.153744e-04 2.156841e-04 0. 0. 0. -7.181953e-05 6.501420e-06 6.830469e-04 -3.869614e-05 3.838729e-05 -3.870937e-04 -1.251976e-04
9.389558e+00 0. 0. 0. 1.142752e-04 -1.122422e-05 -9.125617e-04 5.781798e-05 -6.601382e-05 5.774511e-04 2.017194e-04 0. 0. 0. -6.664160e-05 5.988514e-06 6.380332e-04 -3.585780e-05 3.554011e-05 -3.606034e-04 -1.162972e-04
9.427711e+00 0. 0. 0. 1.067629e-04 -1.040457e-05 -8.426548e-04 5.396409e-05 -6.149540e-05 5.359530e-04 1.885984e-04 0. 0. 0. -6.181548e-05 5.514468e-06 5.957772e-04 -3.321790e-05 3.289321e-05 -3.358123e-04 -1.079937e-04
9.465863e+00 0. 0. 0. 9.851271e-05 -9.642013e-06 -7.694119e-04 5.035386e-05 -5.727182e-05 4.916383e-04 1.741390e-04 0. 0. 0. -5.732704e-05 5.076429e-06 5.494820e-04 -3.076251e-05 3.043696e-05 -3.126424e-04 -1.002577e-04
9.504016e+00 0. 0. 0. 8.969337e-05 -8.933412e-06 -6.939156e-04 4.630168e-05 -5.257479e-05 4.452649e-04 1.586425e-04 0. 0. 0. -5.314412e-05 4.672353e-06 5.000813e-04 -2.848253e-05 2.815419e-05 -2.869163e-04 -9.304520e-05
9.542169e+00 0. 0. 0. 8.047356e-05 -8.139874e-06 -6.172485e-04 4.190997e-05 -4.751766e-05 3.975910e-04 1.424105e-04 0. 0. 0. -4.844731e-05 4.299210e-06 4.485085e-04 -2.593725e-05 2.561690e-05 -2.592496e-04 -8.490351e-05
9.580321e+00 0. 0. 0. 7.102196e-05 -7.283400e-06 -5.404932e-04 3.728113e-05 -4.221376e-05 3.493746e-04 1.257445e-04 0. 0. 0. -4.336847e-05 3.879767e-06 3.956971e-04 -2.319617e-05 2.289288e-05 -2.302581e-04 -7.606690e-05
9.618474e+00 0. 0. 0. 6.150725e-05 -6.385987e-06 -4.647325e-04 3.251755e-05 -3.677643e-05 3.013739e-04 1.089460e-04 0. 0. 0. -3.803945e-05 3.427275e-06 3.425805e-04 -2.032880e-05 2.004996e-05 -2.005575e-04 -6.676965e-05
9.656627e+00 0. 0. 0. 5.209812e-05 -5.469634e-06 -3.910488e-04 2.772164e-05 -3.131902e-05 2.543468e-04 9.231638e-05 0. 0. 0. -3.259212e-05 2.954987e-06 2.900923e-04 -1.740464e-05 1.715595e-05 -1.707634e-04 -5.724601e-05
9.694779e+00 0. 0. 0. 4.296325e-05 -4.556341e-06 -3.205249e-04 2.299581e-05 -2.595487e-05 2.090515e-04 7.615727e-05 0. 0. 0. -2.715835e-05 2.476153e-06 2.391659e-04 -1.449320e-05 1.427866e-05 -1.414915e-04 -4.773026e-05
9.732932e+00 0. 0. 0. 3.427133e-05 -3.668106e-06 -2.542434e-04 1.844245e-05 -2.079732e-05 1.662459e-04 6.077010e-05 0. 0. 0. -2.187001e-05 2.004024e-06 1.907349e-04 -1.166397e-05 1.148591e-05 -1.133576e-04 -3.845665e-05
9.771084e+00 0. 0. 0. 2.619105e-05 -2.826928e-06 -1.932868e-04 1.416397e-05 -1.595972e-05 1.266883e-04 4.645638e-05 0. 0. 0. -1.685895e-05 1.551852e-06 1.457327e-04 -8.986477e-06 8.845511e-06 -8.697728e-05 -2.965946e-05
9.809237e+00 0. 0. 0. 1.889108e-05 -2.054807e-06 -1.387379e-04 1.026276e-05 -1.155539e-05 9.113661e-05 3.351760e-05 0. 0. 0. -1.225704e-05 1.132889e-06 1.050928e-04 -6.530212e-06 6.425273e-06 -6.296627e-05 -2.157296e-05
9.847390e+00 0. 0. 0. 1.254012e-05 -1.373740e-06 -9.167928e-05 6.841241e-06 -7.697696e-06 6.034895e-05 2.225524e-05 0. 0. 0. -8.196141e-06 7.603863e-07 6.974869e-05 -4.364681e-06 4.293011e-06 -4.194025e-05 -1.443140e-05
9.885542e+00 0. 0. 0. 7.306844e-06 -8.057271e-07 -5.319354e-05 4.001801e-06 -4.499967e-06 3.508339e-05 1.297081e-05 0. 0. 0. -4.808126e-06 4.475944e-07 4.063387e-05 -2.559390e-06 2.516539e-06 -2.451493e-05 -8.469064e-06
9.923695e+00 0. 0. 0. 3.359943e-06 -3.727669e-07 -2.436333e-05 1.846846e-06 -2.075546e-06 1.609800e-05 5.965802e-06 0. 0. 0. -2.224855e-06 2.077651e-07 1.868182e-05 -1.183843e-06 1.163671e-06 -1.130598e-05 -3.920206e-06
9.961847e+00 0. 0. 0. 8.680998e-07 -9.685820e-08 -6.271270e-06 4.787786e-07 -5.377769e-07 4.150845e-06 1.541699e-06 0. 0. 0. -5.781910e-07 5.414983e-08 4.826037e-06 -3.075449e-07 3.022199e-07 -2.929111e-06 -1.019096e-06
1.000000e+01 0. 0. 0. 0. 0. 0. 0. 0. 0. 0. 0. 0. 0. 0. 0. 0. 0. 0. 0. 0.



repulsion_comment=
Tue Apr  8 12:49:08 2014
parameters r_cut = 3.0000 Ang, s = 3.0000, k =   3
Rh-C ontop;w=1.0|Rh-C fcc;w=1.0|Rh-C bridge;w=1.0|Repulsion by AJ Medford, used for coarse graining. Not publication quality.


repulsion=
0.18897259582 21.2769474239
0.244328204697 20.151509306
0.299683813573 19.0719225866
0.35503942245 18.0369100655
0.410395031326 17.0452127493
0.465750640203 16.0955898881
0.521106249079 15.1868189667
0.576461857956 14.3176957063
0.631817466833 13.4870340642
0.687173075709 12.6936662343
0.742528684586 11.9364426464
0.797884293462 11.2142319674
0.853239902339 10.5259211003
0.908595511215 9.87041518456
0.963951120092 9.24663759562
1.01930672897 8.6535299453
1.07466233785 8.09005208163
1.13001794672 7.55518208883
1.1853735556 7.04791628736
1.24072916447 6.56726923392
1.29608477335 6.1122737214
1.35144038223 5.68198077896
1.4067959911 5.27545967196
1.46215159998 4.89179790197
1.51750720886 4.53010120682
1.57286281773 4.18949356055
1.62821842661 3.86911717342
1.68357403549 3.56813249193
1.73892964436 3.28571819878
1.79428525324 3.02107121293
1.84964086212 2.77340668953
1.90499647099 2.54195801998
1.96035207987 2.32597683191
2.01570768875 2.12473298915
2.07106329762 1.93751459177
2.1264189065 1.76362797606
2.18177451538 1.60239771456
2.23713012425 1.453166616
2.29248573313 1.31529572536
2.34784134201 1.18816432383
2.40319695088 1.07116992896
2.45855255976 0.963728295051
2.51390816864 0.865273412745
2.56926377751 0.775257508915
2.62461938639 0.69315104666
2.67997499527 0.618442725303
2.73533060414 0.550639480393
2.79068621302 0.489266483705
2.8460418219 0.433867143239
2.90139743077 0.384003103221
2.95675303965 0.339254244102
3.01210864853 0.299218682558
3.0674642574 0.263512771492
3.12281986628 0.231771100032
3.17817547515 0.20364649353
3.23353108403 0.178810013566
3.28888669291 0.156950957944
3.34424230178 0.137776860693
3.39959791066 0.121013492072
3.45495351954 0.106404858549
3.51030912841 0.0937132028705
3.56566473729 0.0827190038397
3.62102034617 0.0732209770331
3.67637595504 0.0650360724898
3.73173156392 0.0579994819529
3.7870871728 0.0519645951259
3.84244278167 0.0468009322657
3.89779839055 0.0423888998108
3.95315399943 0.03861819414
4.0085096083 0.035387833762
4.06386521718 0.0326061463116
4.11922082606 0.0301907711861
4.17457643493 0.0280686590254
4.22993204381 0.0261760716043
4.28528765269 0.0244585820135
4.34064326156 0.022871073987
4.39599887044 0.0213777446616
4.45135447932 0.0199520933849
4.50671008819 0.0185769584941
4.56206569707 0.0172437584271
4.61742130595 0.0159480021867
4.67277691482 0.0146863905035
4.7281325237 0.0134565913734
4.78348813258 0.012257280013
4.83884374145 0.011088126933
4.89419935033 0.00994980138782
4.94955495921 0.00884397038993
5.00491056808 0.0077732989882
5.06026617696 0.00674145019025
5.11562178583 0.00575308498339
5.17097739471 0.00481386233077
5.22633300359 0.00393043916615
5.28168861246 0.00311047041608
5.33704422134 0.00236260892658
5.39239983022 0.00169650569536
5.44775543909 0.00112280916123
5.50311104797 0.000653167282926
5.55846665685 0.000300221852758
5.61382226572 7.76223455909e-05
5.6691778746 0.0
