slako_comment=
Rh xc=PW92 charge=0.0 conf:quadratic r0=4.720
H xc=PW92 charge=0.0 conf:quadratic r0=1.294
Fri Apr  4 18:09:31 2014 


Rh_H_table=
5.000000e-01 0. 0. 0. 0. 0. 0. 0. 0. 0. 6.420681e-02 0. 0. 0. 0. 0. 0. 0. 0. 0. 7.674146e-02
5.381526e-01 0. 0. 0. 0. 0. 0. 0. 0. 0. 7.028366e-02 0. 0. 0. 0. 0. 0. 0. 0. 0. 8.146008e-02
5.763052e-01 0. 0. 0. 0. 0. 0. 0. 0. 0. 7.454231e-02 0. 0. 0. 0. 0. 0. 0. 0. 0. 8.658401e-02
6.144578e-01 0. 0. 0. 0. 0. 0. 0. 0. 0. 7.736082e-02 0. 0. 0. 0. 0. 0. 0. 0. 0. 9.203557e-02
6.526104e-01 0. 0. 0. 0. 0. 0. 0. 0. 0. 7.802898e-02 0. 0. 0. 0. 0. 0. 0. 0. 0. 9.792428e-02
6.907631e-01 0. 0. 0. 0. 0. 0. 0. 0. 0. 7.725414e-02 0. 0. 0. 0. 0. 0. 0. 0. 0. 1.040783e-01
7.289157e-01 0. 0. 0. 0. 0. 0. 0. 0. 0. 7.445219e-02 0. 0. 0. 0. 0. 0. 0. 0. 0. 1.106442e-01
7.670683e-01 0. 0. 0. 0. 0. 0. 0. 0. 0. 7.019066e-02 0. 0. 0. 0. 0. 0. 0. 0. 0. 1.174664e-01
8.052209e-01 0. 0. 0. 0. 0. 0. 0. 0. 0. 6.429467e-02 0. 0. 0. 0. 0. 0. 0. 0. 0. 1.246296e-01
8.433735e-01 0. 0. 0. 0. 0. 0. 0. 0. 0. 5.705975e-02 0. 0. 0. 0. 0. 0. 0. 0. 0. 1.320162e-01
8.815261e-01 0. 0. 0. 0. 0. 0. 0. 0. 0. 4.872495e-02 0. 0. 0. 0. 0. 0. 0. 0. 0. 1.396303e-01
9.196787e-01 0. 0. 0. 0. 0. 0. 0. 0. 0. 3.938403e-02 0. 0. 0. 0. 0. 0. 0. 0. 0. 1.474424e-01
9.578313e-01 0. 0. 0. 0. 0. 0. 0. 0. 0. 2.941622e-02 0. 0. 0. 0. 0. 0. 0. 0. 0. 1.554197e-01
9.959839e-01 0. 0. 0. 0. 0. 0. 0. 0. 0. 1.877978e-02 0. 0. 0. 0. 0. 0. 0. 0. 0. 1.634760e-01
1.034137e+00 0. 0. 0. 0. 0. 0. 0. 0. 0. 7.586906e-03 0. 0. 0. 0. 0. 0. 0. 0. 0. 1.716448e-01
1.072289e+00 0. 0. 0. 0. 0. 0. 0. 0. 0. -3.877710e-03 0. 0. 0. 0. 0. 0. 0. 0. 0. 1.798647e-01
1.110442e+00 0. 0. 0. 0. 0. 0. 0. 0. 0. -1.537600e-02 0. 0. 0. 0. 0. 0. 0. 0. 0. 1.880464e-01
1.148594e+00 0. 0. 0. 0. 0. 0. 0. 0. 0. -2.719611e-02 0. 0. 0. 0. 0. 0. 0. 0. 0. 1.962722e-01
1.186747e+00 0. 0. 0. 0. 0. 0. 0. 0. 0. -3.871339e-02 0. 0. 0. 0. 0. 0. 0. 0. 0. 2.043641e-01
1.224900e+00 0. 0. 0. 0. 0. 0. 0. 0. 0. -5.017000e-02 0. 0. 0. 0. 0. 0. 0. 0. 0. 2.123846e-01
1.263052e+00 0. 0. 0. 0. 0. 0. 0. 0. 0. -6.135974e-02 0. 0. 0. 0. 0. 0. 0. 0. 0. 2.202759e-01
1.301205e+00 0. 0. 0. 0. 0. 0. 0. 0. 0. -7.215826e-02 0. 0. 0. 0. 0. 0. 0. 0. 0. 2.279618e-01
1.339357e+00 0. 0. 0. 0. 0. 0. 0. 0. 0. -8.282300e-02 0. 0. 0. 0. 0. 0. 0. 0. 0. 2.355241e-01
1.377510e+00 0. 0. 0. 0. 0. 0. 0. 0. 0. -9.290816e-02 0. 0. 0. 0. 0. 0. 0. 0. 0. 2.428130e-01
1.415663e+00 0. 0. 0. 0. 0. 0. 0. 0. 0. -1.025910e-01 0. 0. 0. 0. 0. 0. 0. 0. 0. 2.498607e-01
1.453815e+00 0. 0. 0. 0. 0. 0. 0. 0. 0. -1.118941e-01 0. 0. 0. 0. 0. 0. 0. 0. 0. 2.566632e-01
1.491968e+00 0. 0. 0. 0. 0. 0. 0. 0. 0. -1.207023e-01 0. 0. 0. 0. 0. 0. 0. 0. 0. 2.631781e-01
1.530120e+00 0. 0. 0. 0. 0. 0. 0. 0. 0. -1.289300e-01 0. 0. 0. 0. 0. 0. 0. 0. 0. 2.693466e-01
1.568273e+00 0. 0. 0. 0. 0. 0. 0. 0. 0. -1.366737e-01 0. 0. 0. 0. 0. 0. 0. 0. 0. 2.752069e-01
1.606426e+00 0. 0. 0. 0. 0. 0. 0. 0. 0. -1.439355e-01 0. 0. 0. 0. 0. 0. 0. 0. 0. 2.807365e-01
1.644578e+00 0. 0. 0. 0. 0. 0. 0. 0. 0. -1.506174e-01 0. 0. 0. 0. 0. 0. 0. 0. 0. 2.858717e-01
1.682731e+00 0. 0. 0. 0. 0. 0. 0. 0. 0. -1.568223e-01 0. 0. 0. 0. 0. 0. 0. 0. 0. 2.906647e-01
1.720884e+00 0. 0. 0. 0. 0. 0. 0. 0. 0. -1.625272e-01 0. 0. 0. 0. 0. 0. 0. 0. 0. 2.950744e-01
1.759036e+00 0. 0. 0. 0. 0. 0. 0. 0. 0. -1.677603e-01 0. 0. 0. 0. 0. 0. 0. 0. 0. 2.991117e-01
1.797189e+00 0. 0. 0. 0. 0. 0. 0. 0. 0. -1.724419e-01 0. 0. 0. 0. 0. 0. 0. 0. 0. 3.027328e-01
1.835341e+00 0. 0. 0. 0. 0. 0. 0. 0. 0. -1.766798e-01 0. 0. 0. 0. 0. 0. 0. 0. 0. 3.059645e-01
1.873494e+00 0. 0. 0. 0. 0. 0. 0. 0. 0. -1.804954e-01 0. 0. 0. 0. 0. 0. 0. 0. 0. 3.088154e-01
1.911647e+00 0. 0. 0. 0. 0. 0. 0. 0. 0. -1.838320e-01 0. 0. 0. 0. 0. 0. 0. 0. 0. 3.112573e-01
1.949799e+00 0. 0. 0. 0. 0. 0. 0. 0. 0. -1.867542e-01 0. 0. 0. 0. 0. 0. 0. 0. 0. 3.133119e-01
1.987952e+00 0. 0. 0. 0. 0. 0. 0. 0. 0. -1.892653e-01 0. 0. 0. 0. 0. 0. 0. 0. 0. 3.149607e-01
2.026104e+00 0. 0. 0. 0. 0. 0. 0. 0. 0. -1.914141e-01 0. 0. 0. 0. 0. 0. 0. 0. 0. 3.162368e-01
2.064257e+00 0. 0. 0. 0. 0. 0. 0. 0. 0. -1.931688e-01 0. 0. 0. 0. 0. 0. 0. 0. 0. 3.171133e-01
2.102410e+00 0. 0. 0. 0. 0. 0. 0. 0. 0. -1.945687e-01 0. 0. 0. 0. 0. 0. 0. 0. 0. 3.176249e-01
2.140562e+00 0. 0. 0. 0. 0. 0. 0. 0. 0. -1.956346e-01 0. 0. 0. 0. 0. 0. 0. 0. 0. 3.177575e-01
2.178715e+00 0. 0. 0. 0. 0. 0. 0. 0. 0. -1.963844e-01 0. 0. 0. 0. 0. 0. 0. 0. 0. 3.175295e-01
2.216867e+00 0. 0. 0. 0. 0. 0. 0. 0. 0. -1.968482e-01 0. 0. 0. 0. 0. 0. 0. 0. 0. 3.169628e-01
2.255020e+00 0. 0. 0. 0. 0. 0. 0. 0. 0. -1.969750e-01 0. 0. 0. 0. 0. 0. 0. 0. 0. 3.160292e-01
2.293173e+00 0. 0. 0. 0. 0. 0. 0. 0. 0. -1.968926e-01 0. 0. 0. 0. 0. 0. 0. 0. 0. 3.147932e-01
2.331325e+00 0. 0. 0. 0. 0. 0. 0. 0. 0. -1.965363e-01 0. 0. 0. 0. 0. 0. 0. 0. 0. 3.132202e-01
2.369478e+00 0. 0. 0. 0. 0. 0. 0. 0. 0. -1.959347e-01 0. 0. 0. 0. 0. 0. 0. 0. 0. 3.113405e-01
2.407631e+00 0. 0. 0. 0. 0. 0. 0. 0. 0. -1.951363e-01 0. 0. 0. 0. 0. 0. 0. 0. 0. 3.091761e-01
2.445783e+00 0. 0. 0. 0. 0. 0. 0. 0. 0. -1.940808e-01 0. 0. 0. 0. 0. 0. 0. 0. 0. 3.067119e-01
2.483936e+00 0. 0. 0. 0. 0. 0. 0. 0. 0. -1.928767e-01 0. 0. 0. 0. 0. 0. 0. 0. 0. 3.039954e-01
2.522088e+00 0. 0. 0. 0. 0. 0. 0. 0. 0. -1.914958e-01 0. 0. 0. 0. 0. 0. 0. 0. 0. 3.010258e-01
2.560241e+00 0. 0. 0. 0. 0. 0. 0. 0. 0. -1.898989e-01 0. 0. 0. 0. 0. 0. 0. 0. 0. 2.977935e-01
2.598394e+00 0. 0. 0. 0. 0. 0. 0. 0. 0. -1.882061e-01 0. 0. 0. 0. 0. 0. 0. 0. 0. 2.943604e-01
2.636546e+00 0. 0. 0. 0. 0. 0. 0. 0. 0. -1.863403e-01 0. 0. 0. 0. 0. 0. 0. 0. 0. 2.907008e-01
2.674699e+00 0. 0. 0. 0. 0. 0. 0. 0. 0. -1.843532e-01 0. 0. 0. 0. 0. 0. 0. 0. 0. 2.868450e-01
2.712851e+00 0. 0. 0. 0. 0. 0. 0. 0. 0. -1.822432e-01 0. 0. 0. 0. 0. 0. 0. 0. 0. 2.828045e-01
2.751004e+00 0. 0. 0. 0. 0. 0. 0. 0. 0. -1.800254e-01 0. 0. 0. 0. 0. 0. 0. 0. 0. 2.785930e-01
2.789157e+00 0. 0. 0. 0. 0. 0. 0. 0. 0. -1.776809e-01 0. 0. 0. 0. 0. 0. 0. 0. 0. 2.742165e-01
2.827309e+00 0. 0. 0. 0. 0. 0. 0. 0. 0. -1.752968e-01 0. 0. 0. 0. 0. 0. 0. 0. 0. 2.697141e-01
2.865462e+00 0. 0. 0. 0. 0. 0. 0. 0. 0. -1.727956e-01 0. 0. 0. 0. 0. 0. 0. 0. 0. 2.650654e-01
2.903614e+00 0. 0. 0. 0. 0. 0. 0. 0. 0. -1.702186e-01 0. 0. 0. 0. 0. 0. 0. 0. 0. 2.603042e-01
2.941767e+00 0. 0. 0. 0. 0. 0. 0. 0. 0. -1.675916e-01 0. 0. 0. 0. 0. 0. 0. 0. 0. 2.554366e-01
2.979920e+00 0. 0. 0. 0. 0. 0. 0. 0. 0. -1.649122e-01 0. 0. 0. 0. 0. 0. 0. 0. 0. 2.504869e-01
3.018072e+00 0. 0. 0. 0. 0. 0. 0. 0. 0. -1.621523e-01 0. 0. 0. 0. 0. 0. 0. 0. 0. 2.454415e-01
3.056225e+00 0. 0. 0. 0. 0. 0. 0. 0. 0. -1.593810e-01 0. 0. 0. 0. 0. 0. 0. 0. 0. 2.403436e-01
3.094378e+00 0. 0. 0. 0. 0. 0. 0. 0. 0. -1.565461e-01 0. 0. 0. 0. 0. 0. 0. 0. 0. 2.351763e-01
3.132530e+00 0. 0. 0. 0. 0. 0. 0. 0. 0. -1.536756e-01 0. 0. 0. 0. 0. 0. 0. 0. 0. 2.299660e-01
3.170683e+00 0. 0. 0. 0. 0. 0. 0. 0. 0. -1.508067e-01 0. 0. 0. 0. 0. 0. 0. 0. 0. 2.247263e-01
3.208835e+00 0. 0. 0. 0. 0. 0. 0. 0. 0. -1.478971e-01 0. 0. 0. 0. 0. 0. 0. 0. 0. 2.194581e-01
3.246988e+00 0. 0. 0. 0. 0. 0. 0. 0. 0. -1.449667e-01 0. 0. 0. 0. 0. 0. 0. 0. 0. 2.141721e-01
3.285141e+00 0. 0. 0. 0. 0. 0. 0. 0. 0. -1.420199e-01 0. 0. 0. 0. 0. 0. 0. 0. 0. 2.088740e-01
3.323293e+00 0. 0. 0. 0. 0. 0. 0. 0. 0. -1.391025e-01 0. 0. 0. 0. 0. 0. 0. 0. 0. 2.035960e-01
3.361446e+00 0. 0. 0. 0. 0. 0. 0. 0. 0. -1.361309e-01 0. 0. 0. 0. 0. 0. 0. 0. 0. 1.983112e-01
3.399598e+00 0. 0. 0. 0. 0. 0. 0. 0. 0. -1.332037e-01 0. 0. 0. 0. 0. 0. 0. 0. 0. 1.930617e-01
3.437751e+00 0. 0. 0. 0. 0. 0. 0. 0. 0. -1.302650e-01 0. 0. 0. 0. 0. 0. 0. 0. 0. 1.878310e-01
3.475904e+00 0. 0. 0. 0. 0. 0. 0. 0. 0. -1.273223e-01 0. 0. 0. 0. 0. 0. 0. 0. 0. 1.826299e-01
3.514056e+00 0. 0. 0. 0. 0. 0. 0. 0. 0. -1.243996e-01 0. 0. 0. 0. 0. 0. 0. 0. 0. 1.774745e-01
3.552209e+00 0. 0. 0. 0. 0. 0. 0. 0. 0. -1.214988e-01 0. 0. 0. 0. 0. 0. 0. 0. 0. 1.723653e-01
3.590361e+00 0. 0. 0. 0. 0. 0. 0. 0. 0. -1.186009e-01 0. 0. 0. 0. 0. 0. 0. 0. 0. 1.673043e-01
3.628514e+00 0. 0. 0. 0. 0. 0. 0. 0. 0. -1.157355e-01 0. 0. 0. 0. 0. 0. 0. 0. 0. 1.623056e-01
3.666667e+00 0. 0. 0. 0. 0. 0. 0. 0. 0. -1.128779e-01 0. 0. 0. 0. 0. 0. 0. 0. 0. 1.573648e-01
3.704819e+00 0. 0. 0. 0. 0. 0. 0. 0. 0. -1.100663e-01 0. 0. 0. 0. 0. 0. 0. 0. 0. 1.524979e-01
3.742972e+00 0. 0. 0. 0. 0. 0. 0. 0. 0. -1.072528e-01 0. 0. 0. 0. 0. 0. 0. 0. 0. 1.476929e-01
3.781124e+00 0. 0. 0. 0. 0. 0. 0. 0. 0. -1.044778e-01 0. 0. 0. 0. 0. 0. 0. 0. 0. 1.429674e-01
3.819277e+00 0. 0. 0. 0. 0. 0. 0. 0. 0. -1.017443e-01 0. 0. 0. 0. 0. 0. 0. 0. 0. 1.383224e-01
3.857430e+00 0. 0. 0. 0. 0. 0. 0. 0. 0. -9.902662e-02 0. 0. 0. 0. 0. 0. 0. 0. 0. 1.337553e-01
3.895582e+00 0. 0. 0. 0. 0. 0. 0. 0. 0. -9.634731e-02 0. 0. 0. 0. 0. 0. 0. 0. 0. 1.292726e-01
3.933735e+00 0. 0. 0. 0. 0. 0. 0. 0. 0. -9.372171e-02 0. 0. 0. 0. 0. 0. 0. 0. 0. 1.248831e-01
3.971888e+00 0. 0. 0. 0. 0. 0. 0. 0. 0. -9.110581e-02 0. 0. 0. 0. 0. 0. 0. 0. 0. 1.205739e-01
4.010040e+00 0. 0. 0. 0. 0. 0. 0. 0. 0. -8.854359e-02 0. 0. 0. 0. 0. 0. 0. 0. 0. 1.163604e-01
4.048193e+00 0. 0. 0. 0. 0. 0. 0. 0. 0. -8.600437e-02 0. 0. 0. 0. 0. 0. 0. 0. 0. 1.122353e-01
4.086345e+00 0. 0. 0. 0. 0. 0. 0. 0. 0. -8.352867e-02 0. 0. 0. 0. 0. 0. 0. 0. 0. 1.082095e-01
4.124498e+00 0. 0. 0. 0. 0. 0. 0. 0. 0. -8.106964e-02 0. 0. 0. 0. 0. 0. 0. 0. 0. 1.042718e-01
4.162651e+00 0. 0. 0. 0. 0. 0. 0. 0. 0. -7.865727e-02 0. 0. 0. 0. 0. 0. 0. 0. 0. 1.004308e-01
4.200803e+00 0. 0. 0. 0. 0. 0. 0. 0. 0. -7.629726e-02 0. 0. 0. 0. 0. 0. 0. 0. 0. 9.668822e-02
4.238956e+00 0. 0. 0. 0. 0. 0. 0. 0. 0. -7.397465e-02 0. 0. 0. 0. 0. 0. 0. 0. 0. 9.303992e-02
4.277108e+00 0. 0. 0. 0. 0. 0. 0. 0. 0. -7.169536e-02 0. 0. 0. 0. 0. 0. 0. 0. 0. 8.948853e-02
4.315261e+00 0. 0. 0. 0. 0. 0. 0. 0. 0. -6.946189e-02 0. 0. 0. 0. 0. 0. 0. 0. 0. 8.603312e-02
4.353414e+00 0. 0. 0. 0. 0. 0. 0. 0. 0. -6.726050e-02 0. 0. 0. 0. 0. 0. 0. 0. 0. 8.267020e-02
4.391566e+00 0. 0. 0. 0. 0. 0. 0. 0. 0. -6.512328e-02 0. 0. 0. 0. 0. 0. 0. 0. 0. 7.940785e-02
4.429719e+00 0. 0. 0. 0. 0. 0. 0. 0. 0. -6.301769e-02 0. 0. 0. 0. 0. 0. 0. 0. 0. 7.623680e-02
4.467871e+00 0. 0. 0. 0. 0. 0. 0. 0. 0. -6.095530e-02 0. 0. 0. 0. 0. 0. 0. 0. 0. 7.316007e-02
4.506024e+00 0. 0. 0. 0. 0. 0. 0. 0. 0. -5.894386e-02 0. 0. 0. 0. 0. 0. 0. 0. 0. 7.017720e-02
4.544177e+00 0. 0. 0. 0. 0. 0. 0. 0. 0. -5.697723e-02 0. 0. 0. 0. 0. 0. 0. 0. 0. 6.728765e-02
4.582329e+00 0. 0. 0. 0. 0. 0. 0. 0. 0. -5.505284e-02 0. 0. 0. 0. 0. 0. 0. 0. 0. 6.448738e-02
4.620482e+00 0. 0. 0. 0. 0. 0. 0. 0. 0. -5.317504e-02 0. 0. 0. 0. 0. 0. 0. 0. 0. 6.177778e-02
4.658635e+00 0. 0. 0. 0. 0. 0. 0. 0. 0. -5.134326e-02 0. 0. 0. 0. 0. 0. 0. 0. 0. 5.915635e-02
4.696787e+00 0. 0. 0. 0. 0. 0. 0. 0. 0. -4.954650e-02 0. 0. 0. 0. 0. 0. 0. 0. 0. 5.662022e-02
4.734940e+00 0. 0. 0. 0. 0. 0. 0. 0. 0. -4.780898e-02 0. 0. 0. 0. 0. 0. 0. 0. 0. 5.417328e-02
4.773092e+00 0. 0. 0. 0. 0. 0. 0. 0. 0. -4.610219e-02 0. 0. 0. 0. 0. 0. 0. 0. 0. 5.180706e-02
4.811245e+00 0. 0. 0. 0. 0. 0. 0. 0. 0. -4.445119e-02 0. 0. 0. 0. 0. 0. 0. 0. 0. 4.952653e-02
4.849398e+00 0. 0. 0. 0. 0. 0. 0. 0. 0. -4.283750e-02 0. 0. 0. 0. 0. 0. 0. 0. 0. 4.732503e-02
4.887550e+00 0. 0. 0. 0. 0. 0. 0. 0. 0. -4.126559e-02 0. 0. 0. 0. 0. 0. 0. 0. 0. 4.520282e-02
4.925703e+00 0. 0. 0. 0. 0. 0. 0. 0. 0. -3.973612e-02 0. 0. 0. 0. 0. 0. 0. 0. 0. 4.315772e-02
4.963855e+00 0. 0. 0. 0. 0. 0. 0. 0. 0. -3.825394e-02 0. 0. 0. 0. 0. 0. 0. 0. 0. 4.118968e-02
5.002008e+00 0. 0. 0. 0. 0. 0. 0. 0. 0. -3.680965e-02 0. 0. 0. 0. 0. 0. 0. 0. 0. 3.929443e-02
5.040161e+00 0. 0. 0. 0. 0. 0. 0. 0. 0. -3.540988e-02 0. 0. 0. 0. 0. 0. 0. 0. 0. 3.747185e-02
5.078313e+00 0. 0. 0. 0. 0. 0. 0. 0. 0. -3.404506e-02 0. 0. 0. 0. 0. 0. 0. 0. 0. 3.571842e-02
5.116466e+00 0. 0. 0. 0. 0. 0. 0. 0. 0. -3.272526e-02 0. 0. 0. 0. 0. 0. 0. 0. 0. 3.403423e-02
5.154618e+00 0. 0. 0. 0. 0. 0. 0. 0. 0. -3.144255e-02 0. 0. 0. 0. 0. 0. 0. 0. 0. 3.241615e-02
5.192771e+00 0. 0. 0. 0. 0. 0. 0. 0. 0. -3.020134e-02 0. 0. 0. 0. 0. 0. 0. 0. 0. 3.086316e-02
5.230924e+00 0. 0. 0. 0. 0. 0. 0. 0. 0. -2.899678e-02 0. 0. 0. 0. 0. 0. 0. 0. 0. 2.937289e-02
5.269076e+00 0. 0. 0. 0. 0. 0. 0. 0. 0. -2.782996e-02 0. 0. 0. 0. 0. 0. 0. 0. 0. 2.794345e-02
5.307229e+00 0. 0. 0. 0. 0. 0. 0. 0. 0. -2.669953e-02 0. 0. 0. 0. 0. 0. 0. 0. 0. 2.657306e-02
5.345382e+00 0. 0. 0. 0. 0. 0. 0. 0. 0. -2.560760e-02 0. 0. 0. 0. 0. 0. 0. 0. 0. 2.526068e-02
5.383534e+00 0. 0. 0. 0. 0. 0. 0. 0. 0. -2.454853e-02 0. 0. 0. 0. 0. 0. 0. 0. 0. 2.400324e-02
5.421687e+00 0. 0. 0. 0. 0. 0. 0. 0. 0. -2.352619e-02 0. 0. 0. 0. 0. 0. 0. 0. 0. 2.279980e-02
5.459839e+00 0. 0. 0. 0. 0. 0. 0. 0. 0. -2.253871e-02 0. 0. 0. 0. 0. 0. 0. 0. 0. 2.164856e-02
5.497992e+00 0. 0. 0. 0. 0. 0. 0. 0. 0. -2.158477e-02 0. 0. 0. 0. 0. 0. 0. 0. 0. 2.054747e-02
5.536145e+00 0. 0. 0. 0. 0. 0. 0. 0. 0. -2.066096e-02 0. 0. 0. 0. 0. 0. 0. 0. 0. 1.949454e-02
5.574297e+00 0. 0. 0. 0. 0. 0. 0. 0. 0. -1.977273e-02 0. 0. 0. 0. 0. 0. 0. 0. 0. 1.848910e-02
5.612450e+00 0. 0. 0. 0. 0. 0. 0. 0. 0. -1.891202e-02 0. 0. 0. 0. 0. 0. 0. 0. 0. 1.752825e-02
5.650602e+00 0. 0. 0. 0. 0. 0. 0. 0. 0. -1.808423e-02 0. 0. 0. 0. 0. 0. 0. 0. 0. 1.661140e-02
5.688755e+00 0. 0. 0. 0. 0. 0. 0. 0. 0. -1.728575e-02 0. 0. 0. 0. 0. 0. 0. 0. 0. 1.573657e-02
5.726908e+00 0. 0. 0. 0. 0. 0. 0. 0. 0. -1.651700e-02 0. 0. 0. 0. 0. 0. 0. 0. 0. 1.490229e-02
5.765060e+00 0. 0. 0. 0. 0. 0. 0. 0. 0. -1.577673e-02 0. 0. 0. 0. 0. 0. 0. 0. 0. 1.410702e-02
5.803213e+00 0. 0. 0. 0. 0. 0. 0. 0. 0. -1.506369e-02 0. 0. 0. 0. 0. 0. 0. 0. 0. 1.334915e-02
5.841365e+00 0. 0. 0. 0. 0. 0. 0. 0. 0. -1.437715e-02 0. 0. 0. 0. 0. 0. 0. 0. 0. 1.262719e-02
5.879518e+00 0. 0. 0. 0. 0. 0. 0. 0. 0. -1.371734e-02 0. 0. 0. 0. 0. 0. 0. 0. 0. 1.193995e-02
5.917671e+00 0. 0. 0. 0. 0. 0. 0. 0. 0. -1.308305e-02 0. 0. 0. 0. 0. 0. 0. 0. 0. 1.128593e-02
5.955823e+00 0. 0. 0. 0. 0. 0. 0. 0. 0. -1.247386e-02 0. 0. 0. 0. 0. 0. 0. 0. 0. 1.066385e-02
5.993976e+00 0. 0. 0. 0. 0. 0. 0. 0. 0. -1.188722e-02 0. 0. 0. 0. 0. 0. 0. 0. 0. 1.007214e-02
6.032129e+00 0. 0. 0. 0. 0. 0. 0. 0. 0. -1.132546e-02 0. 0. 0. 0. 0. 0. 0. 0. 0. 9.509989e-03
6.070281e+00 0. 0. 0. 0. 0. 0. 0. 0. 0. -1.078551e-02 0. 0. 0. 0. 0. 0. 0. 0. 0. 8.975799e-03
6.108434e+00 0. 0. 0. 0. 0. 0. 0. 0. 0. -1.026796e-02 0. 0. 0. 0. 0. 0. 0. 0. 0. 8.468640e-03
6.146586e+00 0. 0. 0. 0. 0. 0. 0. 0. 0. -9.771589e-03 0. 0. 0. 0. 0. 0. 0. 0. 0. 7.987200e-03
6.184739e+00 0. 0. 0. 0. 0. 0. 0. 0. 0. -9.295609e-03 0. 0. 0. 0. 0. 0. 0. 0. 0. 7.530378e-03
6.222892e+00 0. 0. 0. 0. 0. 0. 0. 0. 0. -8.839550e-03 0. 0. 0. 0. 0. 0. 0. 0. 0. 7.097110e-03
6.261044e+00 0. 0. 0. 0. 0. 0. 0. 0. 0. -8.402432e-03 0. 0. 0. 0. 0. 0. 0. 0. 0. 6.686281e-03
6.299197e+00 0. 0. 0. 0. 0. 0. 0. 0. 0. -7.984765e-03 0. 0. 0. 0. 0. 0. 0. 0. 0. 6.297096e-03
6.337349e+00 0. 0. 0. 0. 0. 0. 0. 0. 0. -7.584494e-03 0. 0. 0. 0. 0. 0. 0. 0. 0. 5.928334e-03
6.375502e+00 0. 0. 0. 0. 0. 0. 0. 0. 0. -7.201936e-03 0. 0. 0. 0. 0. 0. 0. 0. 0. 5.579187e-03
6.413655e+00 0. 0. 0. 0. 0. 0. 0. 0. 0. -6.835692e-03 0. 0. 0. 0. 0. 0. 0. 0. 0. 5.248667e-03
6.451807e+00 0. 0. 0. 0. 0. 0. 0. 0. 0. -6.486544e-03 0. 0. 0. 0. 0. 0. 0. 0. 0. 4.936073e-03
6.489960e+00 0. 0. 0. 0. 0. 0. 0. 0. 0. -6.152123e-03 0. 0. 0. 0. 0. 0. 0. 0. 0. 4.640321e-03
6.528112e+00 0. 0. 0. 0. 0. 0. 0. 0. 0. -5.833342e-03 0. 0. 0. 0. 0. 0. 0. 0. 0. 4.360800e-03
6.566265e+00 0. 0. 0. 0. 0. 0. 0. 0. 0. -5.528819e-03 0. 0. 0. 0. 0. 0. 0. 0. 0. 4.096632e-03
6.604418e+00 0. 0. 0. 0. 0. 0. 0. 0. 0. -5.238334e-03 0. 0. 0. 0. 0. 0. 0. 0. 0. 3.847114e-03
6.642570e+00 0. 0. 0. 0. 0. 0. 0. 0. 0. -4.961270e-03 0. 0. 0. 0. 0. 0. 0. 0. 0. 3.611506e-03
6.680723e+00 0. 0. 0. 0. 0. 0. 0. 0. 0. -4.697219e-03 0. 0. 0. 0. 0. 0. 0. 0. 0. 3.389146e-03
6.718876e+00 0. 0. 0. 0. 0. 0. 0. 0. 0. -4.445547e-03 0. 0. 0. 0. 0. 0. 0. 0. 0. 3.179343e-03
6.757028e+00 0. 0. 0. 0. 0. 0. 0. 0. 0. -4.205841e-03 0. 0. 0. 0. 0. 0. 0. 0. 0. 2.981473e-03
6.795181e+00 0. 0. 0. 0. 0. 0. 0. 0. 0. -3.977677e-03 0. 0. 0. 0. 0. 0. 0. 0. 0. 2.794944e-03
6.833333e+00 0. 0. 0. 0. 0. 0. 0. 0. 0. -3.760415e-03 0. 0. 0. 0. 0. 0. 0. 0. 0. 2.619145e-03
6.871486e+00 0. 0. 0. 0. 0. 0. 0. 0. 0. -3.553647e-03 0. 0. 0. 0. 0. 0. 0. 0. 0. 2.453530e-03
6.909639e+00 0. 0. 0. 0. 0. 0. 0. 0. 0. -3.357219e-03 0. 0. 0. 0. 0. 0. 0. 0. 0. 2.297609e-03
6.947791e+00 0. 0. 0. 0. 0. 0. 0. 0. 0. -3.170278e-03 0. 0. 0. 0. 0. 0. 0. 0. 0. 2.150813e-03
6.985944e+00 0. 0. 0. 0. 0. 0. 0. 0. 0. -2.992791e-03 0. 0. 0. 0. 0. 0. 0. 0. 0. 2.012706e-03
7.024096e+00 0. 0. 0. 0. 0. 0. 0. 0. 0. -2.824098e-03 0. 0. 0. 0. 0. 0. 0. 0. 0. 1.882796e-03
7.062249e+00 0. 0. 0. 0. 0. 0. 0. 0. 0. -2.664061e-03 0. 0. 0. 0. 0. 0. 0. 0. 0. 1.760672e-03
7.100402e+00 0. 0. 0. 0. 0. 0. 0. 0. 0. -2.512169e-03 0. 0. 0. 0. 0. 0. 0. 0. 0. 1.645896e-03
7.138554e+00 0. 0. 0. 0. 0. 0. 0. 0. 0. -2.367969e-03 0. 0. 0. 0. 0. 0. 0. 0. 0. 1.538055e-03
7.176707e+00 0. 0. 0. 0. 0. 0. 0. 0. 0. -2.231343e-03 0. 0. 0. 0. 0. 0. 0. 0. 0. 1.436794e-03
7.214859e+00 0. 0. 0. 0. 0. 0. 0. 0. 0. -2.101760e-03 0. 0. 0. 0. 0. 0. 0. 0. 0. 1.341723e-03
7.253012e+00 0. 0. 0. 0. 0. 0. 0. 0. 0. -1.979072e-03 0. 0. 0. 0. 0. 0. 0. 0. 0. 1.252518e-03
7.291165e+00 0. 0. 0. 0. 0. 0. 0. 0. 0. -1.862755e-03 0. 0. 0. 0. 0. 0. 0. 0. 0. 1.168825e-03
7.329317e+00 0. 0. 0. 0. 0. 0. 0. 0. 0. -1.752694e-03 0. 0. 0. 0. 0. 0. 0. 0. 0. 1.090352e-03
7.367470e+00 0. 0. 0. 0. 0. 0. 0. 0. 0. -1.648570e-03 0. 0. 0. 0. 0. 0. 0. 0. 0. 1.016800e-03
7.405622e+00 0. 0. 0. 0. 0. 0. 0. 0. 0. -1.549999e-03 0. 0. 0. 0. 0. 0. 0. 0. 0. 9.478744e-04
7.443775e+00 0. 0. 0. 0. 0. 0. 0. 0. 0. -1.456821e-03 0. 0. 0. 0. 0. 0. 0. 0. 0. 8.833182e-04
7.481928e+00 0. 0. 0. 0. 0. 0. 0. 0. 0. -1.368752e-03 0. 0. 0. 0. 0. 0. 0. 0. 0. 8.228760e-04
7.520080e+00 0. 0. 0. 0. 0. 0. 0. 0. 0. -1.285549e-03 0. 0. 0. 0. 0. 0. 0. 0. 0. 7.663049e-04
7.558233e+00 0. 0. 0. 0. 0. 0. 0. 0. 0. -1.206946e-03 0. 0. 0. 0. 0. 0. 0. 0. 0. 7.133756e-04
7.596386e+00 0. 0. 0. 0. 0. 0. 0. 0. 0. -1.132750e-03 0. 0. 0. 0. 0. 0. 0. 0. 0. 6.638755e-04
7.634538e+00 0. 0. 0. 0. 0. 0. 0. 0. 0. -1.062712e-03 0. 0. 0. 0. 0. 0. 0. 0. 0. 6.175964e-04
7.672691e+00 0. 0. 0. 0. 0. 0. 0. 0. 0. -9.966681e-04 0. 0. 0. 0. 0. 0. 0. 0. 0. 5.743489e-04
7.710843e+00 0. 0. 0. 0. 0. 0. 0. 0. 0. -9.343731e-04 0. 0. 0. 0. 0. 0. 0. 0. 0. 5.339455e-04
7.748996e+00 0. 0. 0. 0. 0. 0. 0. 0. 0. -8.756616e-04 0. 0. 0. 0. 0. 0. 0. 0. 0. 4.962138e-04
7.787149e+00 0. 0. 0. 0. 0. 0. 0. 0. 0. -8.203469e-04 0. 0. 0. 0. 0. 0. 0. 0. 0. 4.609914e-04
7.825301e+00 0. 0. 0. 0. 0. 0. 0. 0. 0. -7.682381e-04 0. 0. 0. 0. 0. 0. 0. 0. 0. 4.281211e-04
7.863454e+00 0. 0. 0. 0. 0. 0. 0. 0. 0. -7.191828e-04 0. 0. 0. 0. 0. 0. 0. 0. 0. 3.974593e-04
7.901606e+00 0. 0. 0. 0. 0. 0. 0. 0. 0. -6.730137e-04 0. 0. 0. 0. 0. 0. 0. 0. 0. 3.688661e-04
7.939759e+00 0. 0. 0. 0. 0. 0. 0. 0. 0. -6.295692e-04 0. 0. 0. 0. 0. 0. 0. 0. 0. 3.422122e-04
7.977912e+00 0. 0. 0. 0. 0. 0. 0. 0. 0. -5.887371e-04 0. 0. 0. 0. 0. 0. 0. 0. 0. 3.173779e-04
8.016064e+00 0. 0. 0. 0. 0. 0. 0. 0. 0. -5.503348e-04 0. 0. 0. 0. 0. 0. 0. 0. 0. 2.942436e-04
8.054217e+00 0. 0. 0. 0. 0. 0. 0. 0. 0. -5.142607e-04 0. 0. 0. 0. 0. 0. 0. 0. 0. 2.727034e-04
8.092369e+00 0. 0. 0. 0. 0. 0. 0. 0. 0. -4.803705e-04 0. 0. 0. 0. 0. 0. 0. 0. 0. 2.526534e-04
8.130522e+00 0. 0. 0. 0. 0. 0. 0. 0. 0. -4.485584e-04 0. 0. 0. 0. 0. 0. 0. 0. 0. 2.339981e-04
8.168675e+00 0. 0. 0. 0. 0. 0. 0. 0. 0. -4.187068e-04 0. 0. 0. 0. 0. 0. 0. 0. 0. 2.166472e-04
8.206827e+00 0. 0. 0. 0. 0. 0. 0. 0. 0. -3.907033e-04 0. 0. 0. 0. 0. 0. 0. 0. 0. 2.005148e-04
8.244980e+00 0. 0. 0. 0. 0. 0. 0. 0. 0. -3.644344e-04 0. 0. 0. 0. 0. 0. 0. 0. 0. 1.855198e-04
8.283133e+00 0. 0. 0. 0. 0. 0. 0. 0. 0. -3.398135e-04 0. 0. 0. 0. 0. 0. 0. 0. 0. 1.715882e-04
8.321285e+00 0. 0. 0. 0. 0. 0. 0. 0. 0. -3.167404e-04 0. 0. 0. 0. 0. 0. 0. 0. 0. 1.586485e-04
8.359438e+00 0. 0. 0. 0. 0. 0. 0. 0. 0. -2.951252e-04 0. 0. 0. 0. 0. 0. 0. 0. 0. 1.466347e-04
8.397590e+00 0. 0. 0. 0. 0. 0. 0. 0. 0. -2.748866e-04 0. 0. 0. 0. 0. 0. 0. 0. 0. 1.354846e-04
8.435743e+00 0. 0. 0. 0. 0. 0. 0. 0. 0. -2.559410e-04 0. 0. 0. 0. 0. 0. 0. 0. 0. 1.251397e-04
8.473896e+00 0. 0. 0. 0. 0. 0. 0. 0. 0. -2.382206e-04 0. 0. 0. 0. 0. 0. 0. 0. 0. 1.155458e-04
8.512048e+00 0. 0. 0. 0. 0. 0. 0. 0. 0. -2.216423e-04 0. 0. 0. 0. 0. 0. 0. 0. 0. 1.066507e-04
8.550201e+00 0. 0. 0. 0. 0. 0. 0. 0. 0. -2.061471e-04 0. 0. 0. 0. 0. 0. 0. 0. 0. 9.840733e-05
8.588353e+00 0. 0. 0. 0. 0. 0. 0. 0. 0. -1.916660e-04 0. 0. 0. 0. 0. 0. 0. 0. 0. 9.077033e-05
8.626506e+00 0. 0. 0. 0. 0. 0. 0. 0. 0. -1.781376e-04 0. 0. 0. 0. 0. 0. 0. 0. 0. 8.369756e-05
8.664659e+00 0. 0. 0. 0. 0. 0. 0. 0. 0. -1.655047e-04 0. 0. 0. 0. 0. 0. 0. 0. 0. 7.714964e-05
8.702811e+00 0. 0. 0. 0. 0. 0. 0. 0. 0. -1.537120e-04 0. 0. 0. 0. 0. 0. 0. 0. 0. 7.109020e-05
8.740964e+00 0. 0. 0. 0. 0. 0. 0. 0. 0. -1.427091e-04 0. 0. 0. 0. 0. 0. 0. 0. 0. 6.548438e-05
8.779116e+00 0. 0. 0. 0. 0. 0. 0. 0. 0. -1.324450e-04 0. 0. 0. 0. 0. 0. 0. 0. 0. 6.029997e-05
8.817269e+00 0. 0. 0. 0. 0. 0. 0. 0. 0. -1.228754e-04 0. 0. 0. 0. 0. 0. 0. 0. 0. 5.550719e-05
8.855422e+00 0. 0. 0. 0. 0. 0. 0. 0. 0. -1.139564e-04 0. 0. 0. 0. 0. 0. 0. 0. 0. 5.107801e-05
8.893574e+00 0. 0. 0. 0. 0. 0. 0. 0. 0. -1.056464e-04 0. 0. 0. 0. 0. 0. 0. 0. 0. 4.698638e-05
8.931727e+00 0. 0. 0. 0. 0. 0. 0. 0. 0. -9.790790e-05 0. 0. 0. 0. 0. 0. 0. 0. 0. 4.320800e-05
8.969880e+00 0. 0. 0. 0. 0. 0. 0. 0. 0. -9.070305e-05 0. 0. 0. 0. 0. 0. 0. 0. 0. 3.971968e-05
9.008032e+00 0. 0. 0. 0. 0. 0. 0. 0. 0. -8.399874e-05 0. 0. 0. 0. 0. 0. 0. 0. 0. 3.650068e-05
9.046185e+00 0. 0. 0. 0. 0. 0. 0. 0. 0. -7.776123e-05 0. 0. 0. 0. 0. 0. 0. 0. 0. 3.353110e-05
9.084337e+00 0. 0. 0. 0. 0. 0. 0. 0. 0. -7.196138e-05 0. 0. 0. 0. 0. 0. 0. 0. 0. 3.079254e-05
9.122490e+00 0. 0. 0. 0. 0. 0. 0. 0. 0. -6.657004e-05 0. 0. 0. 0. 0. 0. 0. 0. 0. 2.826802e-05
9.160643e+00 0. 0. 0. 0. 0. 0. 0. 0. 0. -6.156066e-05 0. 0. 0. 0. 0. 0. 0. 0. 0. 2.594157e-05
9.198795e+00 0. 0. 0. 0. 0. 0. 0. 0. 0. -5.690761e-05 0. 0. 0. 0. 0. 0. 0. 0. 0. 2.379881e-05
9.236948e+00 0. 0. 0. 0. 0. 0. 0. 0. 0. -5.258768e-05 0. 0. 0. 0. 0. 0. 0. 0. 0. 2.182496e-05
9.275100e+00 0. 0. 0. 0. 0. 0. 0. 0. 0. -4.857833e-05 0. 0. 0. 0. 0. 0. 0. 0. 0. 2.000809e-05
9.313253e+00 0. 0. 0. 0. 0. 0. 0. 0. 0. -4.485942e-05 0. 0. 0. 0. 0. 0. 0. 0. 0. 1.833678e-05
9.351406e+00 0. 0. 0. 0. 0. 0. 0. 0. 0. -4.140975e-05 0. 0. 0. 0. 0. 0. 0. 0. 0. 1.679874e-05
9.389558e+00 0. 0. 0. 0. 0. 0. 0. 0. 0. -3.821194e-05 0. 0. 0. 0. 0. 0. 0. 0. 0. 1.538451e-05
9.427711e+00 0. 0. 0. 0. 0. 0. 0. 0. 0. -3.524782e-05 0. 0. 0. 0. 0. 0. 0. 0. 0. 1.408441e-05
9.465863e+00 0. 0. 0. 0. 0. 0. 0. 0. 0. -3.250259e-05 0. 0. 0. 0. 0. 0. 0. 0. 0. 1.288946e-05
9.504016e+00 0. 0. 0. 0. 0. 0. 0. 0. 0. -2.996012e-05 0. 0. 0. 0. 0. 0. 0. 0. 0. 1.179193e-05
9.542169e+00 0. 0. 0. 0. 0. 0. 0. 0. 0. -2.760701e-05 0. 0. 0. 0. 0. 0. 0. 0. 0. 1.078415e-05
9.580321e+00 0. 0. 0. 0. 0. 0. 0. 0. 0. -2.494438e-05 0. 0. 0. 0. 0. 0. 0. 0. 0. 9.858818e-06
9.618474e+00 0. 0. 0. 0. 0. 0. 0. 0. 0. -2.205884e-05 0. 0. 0. 0. 0. 0. 0. 0. 0. 8.806572e-06
9.656627e+00 0. 0. 0. 0. 0. 0. 0. 0. 0. -1.903702e-05 0. 0. 0. 0. 0. 0. 0. 0. 0. 7.666941e-06
9.694779e+00 0. 0. 0. 0. 0. 0. 0. 0. 0. -1.596553e-05 0. 0. 0. 0. 0. 0. 0. 0. 0. 6.479455e-06
9.732932e+00 0. 0. 0. 0. 0. 0. 0. 0. 0. -1.293100e-05 0. 0. 0. 0. 0. 0. 0. 0. 0. 5.283639e-06
9.771084e+00 0. 0. 0. 0. 0. 0. 0. 0. 0. -1.002004e-05 0. 0. 0. 0. 0. 0. 0. 0. 0. 4.119021e-06
9.809237e+00 0. 0. 0. 0. 0. 0. 0. 0. 0. -7.319275e-06 0. 0. 0. 0. 0. 0. 0. 0. 0. 3.025128e-06
9.847390e+00 0. 0. 0. 0. 0. 0. 0. 0. 0. -4.915320e-06 0. 0. 0. 0. 0. 0. 0. 0. 0. 2.041488e-06
9.885542e+00 0. 0. 0. 0. 0. 0. 0. 0. 0. -2.894796e-06 0. 0. 0. 0. 0. 0. 0. 0. 0. 1.207628e-06
9.923695e+00 0. 0. 0. 0. 0. 0. 0. 0. 0. -1.344322e-06 0. 0. 0. 0. 0. 0. 0. 0. 0. 5.630751e-07
9.961847e+00 0. 0. 0. 0. 0. 0. 0. 0. 0. -3.505171e-07 0. 0. 0. 0. 0. 0. 0. 0. 0. 1.473566e-07
1.000000e+01 0. 0. 0. 0. 0. 0. 0. 0. 0. 0. 0. 0. 0. 0. 0. 0. 0. 0. 0. 0.



H_Rh_table=
5.000000e-01 0. 0. 0. 0. 0. 0. 0. 1.981929e-01 8.976946e-02 6.452214e-02 0. 0. 0. 0. 0. 0. 0. -1.045946e-01 3.554464e-02 7.674146e-02
5.381526e-01 0. 0. 0. 0. 0. 0. 0. 2.393766e-01 1.037537e-01 7.086281e-02 0. 0. 0. 0. 0. 0. 0. -1.194426e-01 4.010977e-02 8.146008e-02
5.763052e-01 0. 0. 0. 0. 0. 0. 0. 2.793000e-01 1.157361e-01 7.551568e-02 0. 0. 0. 0. 0. 0. 0. -1.347461e-01 4.515330e-02 8.658401e-02
6.144578e-01 0. 0. 0. 0. 0. 0. 0. 3.173229e-01 1.254451e-01 7.834096e-02 0. 0. 0. 0. 0. 0. 0. -1.503323e-01 5.066019e-02 9.203557e-02
6.526104e-01 0. 0. 0. 0. 0. 0. 0. 3.530934e-01 1.327274e-01 7.924233e-02 0. 0. 0. 0. 0. 0. 0. -1.662242e-01 5.671432e-02 9.792428e-02
6.907631e-01 0. 0. 0. 0. 0. 0. 0. 3.862087e-01 1.375564e-01 7.828535e-02 0. 0. 0. 0. 0. 0. 0. -1.821313e-01 6.323895e-02 1.040783e-01
7.289157e-01 0. 0. 0. 0. 0. 0. 0. 4.165472e-01 1.399586e-01 7.551372e-02 0. 0. 0. 0. 0. 0. 0. -1.981317e-01 7.033271e-02 1.106442e-01
7.670683e-01 0. 0. 0. 0. 0. 0. 0. 4.439086e-01 1.400375e-01 7.107132e-02 0. 0. 0. 0. 0. 0. 0. -2.139250e-01 7.792036e-02 1.174664e-01
8.052209e-01 0. 0. 0. 0. 0. 0. 0. 4.683517e-01 1.379540e-01 6.511549e-02 0. 0. 0. 0. 0. 0. 0. -2.295990e-01 8.605212e-02 1.246296e-01
8.433735e-01 0. 0. 0. 0. 0. 0. 0. 4.898345e-01 1.338820e-01 5.782701e-02 0. 0. 0. 0. 0. 0. 0. -2.449279e-01 9.466479e-02 1.320162e-01
8.815261e-01 0. 0. 0. 0. 0. 0. 0. 5.084695e-01 1.280299e-01 4.939740e-02 0. 0. 0. 0. 0. 0. 0. -2.599244e-01 1.037557e-01 1.396303e-01
9.196787e-01 0. 0. 0. 0. 0. 0. 0. 5.243285e-01 1.205911e-01 3.999776e-02 0. 0. 0. 0. 0. 0. 0. -2.744757e-01 1.133082e-01 1.474424e-01
9.578313e-01 0. 0. 0. 0. 0. 0. 0. 5.375639e-01 1.117936e-01 2.982761e-02 0. 0. 0. 0. 0. 0. 0. -2.885153e-01 1.232791e-01 1.554197e-01
9.959839e-01 0. 0. 0. 0. 0. 0. 0. 5.483151e-01 1.018268e-01 1.904954e-02 0. 0. 0. 0. 0. 0. 0. -3.020311e-01 1.336238e-01 1.634760e-01
1.034137e+00 0. 0. 0. 0. 0. 0. 0. 5.567261e-01 9.090201e-02 7.829375e-03 0. 0. 0. 0. 0. 0. 0. -3.148645e-01 1.443288e-01 1.716448e-01
1.072289e+00 0. 0. 0. 0. 0. 0. 0. 5.630003e-01 7.920557e-02 -3.682957e-03 0. 0. 0. 0. 0. 0. 0. -3.271015e-01 1.553571e-01 1.798647e-01
1.110442e+00 0. 0. 0. 0. 0. 0. 0. 5.672522e-01 6.689672e-02 -1.535632e-02 0. 0. 0. 0. 0. 0. 0. -3.386204e-01 1.666170e-01 1.880464e-01
1.148594e+00 0. 0. 0. 0. 0. 0. 0. 5.696497e-01 5.414385e-02 -2.708040e-02 0. 0. 0. 0. 0. 0. 0. -3.493627e-01 1.781596e-01 1.962722e-01
1.186747e+00 0. 0. 0. 0. 0. 0. 0. 5.703973e-01 4.109451e-02 -3.872689e-02 0. 0. 0. 0. 0. 0. 0. -3.594276e-01 1.898364e-01 2.043641e-01
1.224900e+00 0. 0. 0. 0. 0. 0. 0. 5.696112e-01 2.787886e-02 -5.021407e-02 0. 0. 0. 0. 0. 0. 0. -3.686839e-01 2.016597e-01 2.123846e-01
1.263052e+00 0. 0. 0. 0. 0. 0. 0. 5.674559e-01 1.461277e-02 -6.145953e-02 0. 0. 0. 0. 0. 0. 0. -3.771710e-01 2.135725e-01 2.202759e-01
1.301205e+00 0. 0. 0. 0. 0. 0. 0. 5.640667e-01 1.387941e-03 -7.240321e-02 0. 0. 0. 0. 0. 0. 0. -3.848941e-01 2.255092e-01 2.279618e-01
1.339357e+00 0. 0. 0. 0. 0. 0. 0. 5.595358e-01 -1.169935e-02 -8.299285e-02 0. 0. 0. 0. 0. 0. 0. -3.917467e-01 2.374990e-01 2.355241e-01
1.377510e+00 0. 0. 0. 0. 0. 0. 0. 5.540390e-01 -2.457583e-02 -9.316867e-02 0. 0. 0. 0. 0. 0. 0. -3.978528e-01 2.493922e-01 2.428130e-01
1.415663e+00 0. 0. 0. 0. 0. 0. 0. 5.476684e-01 -3.717340e-02 -1.029037e-01 0. 0. 0. 0. 0. 0. 0. -4.031587e-01 2.612209e-01 2.498607e-01
1.453815e+00 0. 0. 0. 0. 0. 0. 0. 5.405173e-01 -4.943971e-02 -1.121721e-01 0. 0. 0. 0. 0. 0. 0. -4.076411e-01 2.729357e-01 2.566632e-01
1.491968e+00 0. 0. 0. 0. 0. 0. 0. 5.326975e-01 -6.132609e-02 -1.209456e-01 0. 0. 0. 0. 0. 0. 0. -4.113522e-01 2.844887e-01 2.631781e-01
1.530120e+00 0. 0. 0. 0. 0. 0. 0. 5.242981e-01 -7.280604e-02 -1.292158e-01 0. 0. 0. 0. 0. 0. 0. -4.143229e-01 2.958112e-01 2.693466e-01
1.568273e+00 0. 0. 0. 0. 0. 0. 0. 5.153965e-01 -8.383837e-02 -1.369690e-01 0. 0. 0. 0. 0. 0. 0. -4.165328e-01 3.069119e-01 2.752069e-01
1.606426e+00 0. 0. 0. 0. 0. 0. 0. 5.060694e-01 -9.440379e-02 -1.442035e-01 0. 0. 0. 0. 0. 0. 0. -4.180077e-01 3.177418e-01 2.807365e-01
1.644578e+00 0. 0. 0. 0. 0. 0. 0. 4.963969e-01 -1.044937e-01 -1.509198e-01 0. 0. 0. 0. 0. 0. 0. -4.188116e-01 3.282365e-01 2.858717e-01
1.682731e+00 0. 0. 0. 0. 0. 0. 0. 4.864194e-01 -1.140892e-01 -1.571262e-01 0. 0. 0. 0. 0. 0. 0. -4.188907e-01 3.384227e-01 2.906647e-01
1.720884e+00 0. 0. 0. 0. 0. 0. 0. 4.762169e-01 -1.231846e-01 -1.628218e-01 0. 0. 0. 0. 0. 0. 0. -4.183368e-01 3.482335e-01 2.950744e-01
1.759036e+00 0. 0. 0. 0. 0. 0. 0. 4.658194e-01 -1.317797e-01 -1.680235e-01 0. 0. 0. 0. 0. 0. 0. -4.171328e-01 3.576669e-01 2.991117e-01
1.797189e+00 0. 0. 0. 0. 0. 0. 0. 4.552938e-01 -1.398748e-01 -1.727362e-01 0. 0. 0. 0. 0. 0. 0. -4.153407e-01 3.666692e-01 3.027328e-01
1.835341e+00 0. 0. 0. 0. 0. 0. 0. 4.446763e-01 -1.474764e-01 -1.769790e-01 0. 0. 0. 0. 0. 0. 0. -4.129971e-01 3.752339e-01 3.059645e-01
1.873494e+00 0. 0. 0. 0. 0. 0. 0. 4.339945e-01 -1.545847e-01 -1.807649e-01 0. 0. 0. 0. 0. 0. 0. -4.100733e-01 3.833654e-01 3.088154e-01
1.911647e+00 0. 0. 0. 0. 0. 0. 0. 4.232910e-01 -1.612130e-01 -1.841095e-01 0. 0. 0. 0. 0. 0. 0. -4.066304e-01 3.910226e-01 3.112573e-01
1.949799e+00 0. 0. 0. 0. 0. 0. 0. 4.125998e-01 -1.673693e-01 -1.870293e-01 0. 0. 0. 0. 0. 0. 0. -4.027177e-01 3.981982e-01 3.133119e-01
1.987952e+00 0. 0. 0. 0. 0. 0. 0. 4.019400e-01 -1.730694e-01 -1.895432e-01 0. 0. 0. 0. 0. 0. 0. -3.983437e-01 4.048744e-01 3.149607e-01
2.026104e+00 0. 0. 0. 0. 0. 0. 0. 3.913451e-01 -1.783189e-01 -1.916655e-01 0. 0. 0. 0. 0. 0. 0. -3.935594e-01 4.110526e-01 3.162368e-01
2.064257e+00 0. 0. 0. 0. 0. 0. 0. 3.808229e-01 -1.831385e-01 -1.934172e-01 0. 0. 0. 0. 0. 0. 0. -3.883545e-01 4.167144e-01 3.171133e-01
2.102410e+00 0. 0. 0. 0. 0. 0. 0. 3.704060e-01 -1.875343e-01 -1.948116e-01 0. 0. 0. 0. 0. 0. 0. -3.827970e-01 4.218650e-01 3.176249e-01
2.140562e+00 0. 0. 0. 0. 0. 0. 0. 3.601151e-01 -1.915308e-01 -1.958723e-01 0. 0. 0. 0. 0. 0. 0. -3.769395e-01 4.264844e-01 3.177575e-01
2.178715e+00 0. 0. 0. 0. 0. 0. 0. 3.499473e-01 -1.951367e-01 -1.966138e-01 0. 0. 0. 0. 0. 0. 0. -3.707369e-01 4.305879e-01 3.175295e-01
2.216867e+00 0. 0. 0. 0. 0. 0. 0. 3.399326e-01 -1.983661e-01 -1.970530e-01 0. 0. 0. 0. 0. 0. 0. -3.642936e-01 4.341750e-01 3.169628e-01
2.255020e+00 0. 0. 0. 0. 0. 0. 0. 3.300618e-01 -2.012417e-01 -1.972089e-01 0. 0. 0. 0. 0. 0. 0. -3.575630e-01 4.372290e-01 3.160292e-01
2.293173e+00 0. 0. 0. 0. 0. 0. 0. 3.203658e-01 -2.037661e-01 -1.970937e-01 0. 0. 0. 0. 0. 0. 0. -3.506443e-01 4.397826e-01 3.147932e-01
2.331325e+00 0. 0. 0. 0. 0. 0. 0. 3.108396e-01 -2.059661e-01 -1.967275e-01 0. 0. 0. 0. 0. 0. 0. -3.435224e-01 4.418107e-01 3.132202e-01
2.369478e+00 0. 0. 0. 0. 0. 0. 0. 3.014974e-01 -2.078526e-01 -1.961257e-01 0. 0. 0. 0. 0. 0. 0. -3.362573e-01 4.433333e-01 3.113405e-01
2.407631e+00 0. 0. 0. 0. 0. 0. 0. 2.923348e-01 -2.094367e-01 -1.953016e-01 0. 0. 0. 0. 0. 0. 0. -3.288229e-01 4.443683e-01 3.091761e-01
2.445783e+00 0. 0. 0. 0. 0. 0. 0. 2.833648e-01 -2.107391e-01 -1.942708e-01 0. 0. 0. 0. 0. 0. 0. -3.212800e-01 4.448978e-01 3.067119e-01
2.483936e+00 0. 0. 0. 0. 0. 0. 0. 2.745876e-01 -2.117675e-01 -1.930482e-01 0. 0. 0. 0. 0. 0. 0. -3.136475e-01 4.449633e-01 3.039954e-01
2.522088e+00 0. 0. 0. 0. 0. 0. 0. 2.660102e-01 -2.125364e-01 -1.916451e-01 0. 0. 0. 0. 0. 0. 0. -3.059606e-01 4.445601e-01 3.010258e-01
2.560241e+00 0. 0. 0. 0. 0. 0. 0. 2.576257e-01 -2.130655e-01 -1.900771e-01 0. 0. 0. 0. 0. 0. 0. -2.982100e-01 4.436850e-01 2.977935e-01
2.598394e+00 0. 0. 0. 0. 0. 0. 0. 2.494377e-01 -2.133541e-01 -1.883530e-01 0. 0. 0. 0. 0. 0. 0. -2.904233e-01 4.423903e-01 2.943604e-01
2.636546e+00 0. 0. 0. 0. 0. 0. 0. 2.414425e-01 -2.134258e-01 -1.864883e-01 0. 0. 0. 0. 0. 0. 0. -2.826050e-01 4.406580e-01 2.907008e-01
2.674699e+00 0. 0. 0. 0. 0. 0. 0. 2.336524e-01 -2.132872e-01 -1.844920e-01 0. 0. 0. 0. 0. 0. 0. -2.748243e-01 4.385118e-01 2.868450e-01
2.712851e+00 0. 0. 0. 0. 0. 0. 0. 2.260520e-01 -2.129511e-01 -1.823766e-01 0. 0. 0. 0. 0. 0. 0. -2.670334e-01 4.359706e-01 2.828045e-01
2.751004e+00 0. 0. 0. 0. 0. 0. 0. 2.186506e-01 -2.124269e-01 -1.801505e-01 0. 0. 0. 0. 0. 0. 0. -2.592944e-01 4.330454e-01 2.785930e-01
2.789157e+00 0. 0. 0. 0. 0. 0. 0. 2.114404e-01 -2.117281e-01 -1.778256e-01 0. 0. 0. 0. 0. 0. 0. -2.515938e-01 4.297488e-01 2.742165e-01
2.827309e+00 0. 0. 0. 0. 0. 0. 0. 2.044255e-01 -2.108567e-01 -1.754088e-01 0. 0. 0. 0. 0. 0. 0. -2.439761e-01 4.261182e-01 2.697141e-01
2.865462e+00 0. 0. 0. 0. 0. 0. 0. 1.975968e-01 -2.098314e-01 -1.729105e-01 0. 0. 0. 0. 0. 0. 0. -2.364229e-01 4.221401e-01 2.650654e-01
2.903614e+00 0. 0. 0. 0. 0. 0. 0. 1.909541e-01 -2.086553e-01 -1.703382e-01 0. 0. 0. 0. 0. 0. 0. -2.289542e-01 4.178523e-01 2.603042e-01
2.941767e+00 0. 0. 0. 0. 0. 0. 0. 1.844945e-01 -2.073392e-01 -1.677001e-01 0. 0. 0. 0. 0. 0. 0. -2.215818e-01 4.132630e-01 2.554366e-01
2.979920e+00 0. 0. 0. 0. 0. 0. 0. 1.782145e-01 -2.058877e-01 -1.650033e-01 0. 0. 0. 0. 0. 0. 0. -2.143091e-01 4.084049e-01 2.504869e-01
3.018072e+00 0. 0. 0. 0. 0. 0. 0. 1.721144e-01 -2.043165e-01 -1.622561e-01 0. 0. 0. 0. 0. 0. 0. -2.071605e-01 4.032656e-01 2.454415e-01
3.056225e+00 0. 0. 0. 0. 0. 0. 0. 1.661881e-01 -2.026237e-01 -1.594638e-01 0. 0. 0. 0. 0. 0. 0. -2.001319e-01 3.978978e-01 2.403436e-01
3.094378e+00 0. 0. 0. 0. 0. 0. 0. 1.604312e-01 -2.008251e-01 -1.566341e-01 0. 0. 0. 0. 0. 0. 0. -1.932213e-01 3.922873e-01 2.351763e-01
3.132530e+00 0. 0. 0. 0. 0. 0. 0. 1.548420e-01 -1.989220e-01 -1.537715e-01 0. 0. 0. 0. 0. 0. 0. -1.864466e-01 3.864687e-01 2.299660e-01
3.170683e+00 0. 0. 0. 0. 0. 0. 0. 1.494158e-01 -1.969210e-01 -1.508821e-01 0. 0. 0. 0. 0. 0. 0. -1.798075e-01 3.804603e-01 2.247263e-01
3.208835e+00 0. 0. 0. 0. 0. 0. 0. 1.441523e-01 -1.948299e-01 -1.479711e-01 0. 0. 0. 0. 0. 0. 0. -1.733236e-01 3.742701e-01 2.194581e-01
3.246988e+00 0. 0. 0. 0. 0. 0. 0. 1.390420e-01 -1.926555e-01 -1.450439e-01 0. 0. 0. 0. 0. 0. 0. -1.669667e-01 3.679157e-01 2.141721e-01
3.285141e+00 0. 0. 0. 0. 0. 0. 0. 1.340855e-01 -1.904047e-01 -1.421053e-01 0. 0. 0. 0. 0. 0. 0. -1.607614e-01 3.614077e-01 2.088740e-01
3.323293e+00 0. 0. 0. 0. 0. 0. 0. 1.292815e-01 -1.880750e-01 -1.391584e-01 0. 0. 0. 0. 0. 0. 0. -1.547210e-01 3.547888e-01 2.035960e-01
3.361446e+00 0. 0. 0. 0. 0. 0. 0. 1.246217e-01 -1.856830e-01 -1.362090e-01 0. 0. 0. 0. 0. 0. 0. -1.488227e-01 3.480352e-01 1.983112e-01
3.399598e+00 0. 0. 0. 0. 0. 0. 0. 1.201076e-01 -1.832235e-01 -1.332600e-01 0. 0. 0. 0. 0. 0. 0. -1.430932e-01 3.412000e-01 1.930617e-01
3.437751e+00 0. 0. 0. 0. 0. 0. 0. 1.157299e-01 -1.807094e-01 -1.303161e-01 0. 0. 0. 0. 0. 0. 0. -1.375035e-01 3.342703e-01 1.878310e-01
3.475904e+00 0. 0. 0. 0. 0. 0. 0. 1.114889e-01 -1.781425e-01 -1.273797e-01 0. 0. 0. 0. 0. 0. 0. -1.320744e-01 3.272640e-01 1.826299e-01
3.514056e+00 0. 0. 0. 0. 0. 0. 0. 1.073809e-01 -1.755249e-01 -1.244538e-01 0. 0. 0. 0. 0. 0. 0. -1.268041e-01 3.202060e-01 1.774745e-01
3.552209e+00 0. 0. 0. 0. 0. 0. 0. 1.034016e-01 -1.728633e-01 -1.215421e-01 0. 0. 0. 0. 0. 0. 0. -1.216865e-01 3.131024e-01 1.723653e-01
3.590361e+00 0. 0. 0. 0. 0. 0. 0. 9.954732e-02 -1.701633e-01 -1.186478e-01 0. 0. 0. 0. 0. 0. 0. -1.167191e-01 3.059617e-01 1.673043e-01
3.628514e+00 0. 0. 0. 0. 0. 0. 0. 9.581588e-02 -1.674252e-01 -1.157724e-01 0. 0. 0. 0. 0. 0. 0. -1.119058e-01 2.988063e-01 1.623056e-01
3.666667e+00 0. 0. 0. 0. 0. 0. 0. 9.220496e-02 -1.646566e-01 -1.129194e-01 0. 0. 0. 0. 0. 0. 0. -1.072496e-01 2.916366e-01 1.573648e-01
3.704819e+00 0. 0. 0. 0. 0. 0. 0. 8.871045e-02 -1.618573e-01 -1.100903e-01 0. 0. 0. 0. 0. 0. 0. -1.027431e-01 2.844771e-01 1.524979e-01
3.742972e+00 0. 0. 0. 0. 0. 0. 0. 8.532826e-02 -1.590368e-01 -1.072883e-01 0. 0. 0. 0. 0. 0. 0. -9.837908e-02 2.773194e-01 1.476929e-01
3.781124e+00 0. 0. 0. 0. 0. 0. 0. 8.205664e-02 -1.561938e-01 -1.045147e-01 0. 0. 0. 0. 0. 0. 0. -9.416176e-02 2.701901e-01 1.429674e-01
3.819277e+00 0. 0. 0. 0. 0. 0. 0. 7.889318e-02 -1.533320e-01 -1.017710e-01 0. 0. 0. 0. 0. 0. 0. -9.009331e-02 2.630950e-01 1.383224e-01
3.857430e+00 0. 0. 0. 0. 0. 0. 0. 7.583343e-02 -1.504569e-01 -9.905933e-02 0. 0. 0. 0. 0. 0. 0. -8.616221e-02 2.560369e-01 1.337553e-01
3.895582e+00 0. 0. 0. 0. 0. 0. 0. 7.287521e-02 -1.475704e-01 -9.638125e-02 0. 0. 0. 0. 0. 0. 0. -8.236928e-02 2.490284e-01 1.292726e-01
3.933735e+00 0. 0. 0. 0. 0. 0. 0. 7.001698e-02 -1.446732e-01 -9.373771e-02 0. 0. 0. 0. 0. 0. 0. -7.871832e-02 2.420857e-01 1.248831e-01
3.971888e+00 0. 0. 0. 0. 0. 0. 0. 6.725375e-02 -1.417741e-01 -9.113113e-02 0. 0. 0. 0. 0. 0. 0. -7.519399e-02 2.351974e-01 1.205739e-01
4.010040e+00 0. 0. 0. 0. 0. 0. 0. 6.458467e-02 -1.388705e-01 -8.856158e-02 0. 0. 0. 0. 0. 0. 0. -7.180281e-02 2.283874e-01 1.163604e-01
4.048193e+00 0. 0. 0. 0. 0. 0. 0. 6.200646e-02 -1.359688e-01 -8.603087e-02 0. 0. 0. 0. 0. 0. 0. -6.853864e-02 2.216513e-01 1.122353e-01
4.086345e+00 0. 0. 0. 0. 0. 0. 0. 5.951720e-02 -1.330684e-01 -8.353988e-02 0. 0. 0. 0. 0. 0. 0. -6.539979e-02 2.150074e-01 1.082095e-01
4.124498e+00 0. 0. 0. 0. 0. 0. 0. 5.711277e-02 -1.301764e-01 -8.108985e-02 0. 0. 0. 0. 0. 0. 0. -6.237605e-02 2.084453e-01 1.042718e-01
4.162651e+00 0. 0. 0. 0. 0. 0. 0. 5.479245e-02 -1.272917e-01 -7.868096e-02 0. 0. 0. 0. 0. 0. 0. -5.947326e-02 2.019804e-01 1.004308e-01
4.200803e+00 0. 0. 0. 0. 0. 0. 0. 5.255340e-02 -1.244168e-01 -7.631410e-02 0. 0. 0. 0. 0. 0. 0. -5.668560e-02 1.956188e-01 9.668822e-02
4.238956e+00 0. 0. 0. 0. 0. 0. 0. 5.039300e-02 -1.215553e-01 -7.398986e-02 0. 0. 0. 0. 0. 0. 0. -5.400894e-02 1.893588e-01 9.303992e-02
4.277108e+00 0. 0. 0. 0. 0. 0. 0. 4.830952e-02 -1.187085e-01 -7.170870e-02 0. 0. 0. 0. 0. 0. 0. -5.144264e-02 1.832078e-01 8.948853e-02
4.315261e+00 0. 0. 0. 0. 0. 0. 0. 4.629997e-02 -1.158795e-01 -6.947152e-02 0. 0. 0. 0. 0. 0. 0. -4.897865e-02 1.771680e-01 8.603312e-02
4.353414e+00 0. 0. 0. 0. 0. 0. 0. 4.436219e-02 -1.130708e-01 -6.727836e-02 0. 0. 0. 0. 0. 0. 0. -4.661467e-02 1.712379e-01 8.267020e-02
4.391566e+00 0. 0. 0. 0. 0. 0. 0. 4.249499e-02 -1.102820e-01 -6.512975e-02 0. 0. 0. 0. 0. 0. 0. -4.435136e-02 1.654320e-01 7.940785e-02
4.429719e+00 0. 0. 0. 0. 0. 0. 0. 4.069546e-02 -1.075175e-01 -6.302576e-02 0. 0. 0. 0. 0. 0. 0. -4.218216e-02 1.597406e-01 7.623680e-02
4.467871e+00 0. 0. 0. 0. 0. 0. 0. 3.896201e-02 -1.047780e-01 -6.096663e-02 0. 0. 0. 0. 0. 0. 0. -4.010579e-02 1.541711e-01 7.316007e-02
4.506024e+00 0. 0. 0. 0. 0. 0. 0. 3.729251e-02 -1.020653e-01 -5.895261e-02 0. 0. 0. 0. 0. 0. 0. -3.811833e-02 1.487253e-01 7.017720e-02
4.544177e+00 0. 0. 0. 0. 0. 0. 0. 3.568547e-02 -9.937995e-02 -5.698328e-02 0. 0. 0. 0. 0. 0. 0. -3.621933e-02 1.434056e-01 6.728765e-02
4.582329e+00 0. 0. 0. 0. 0. 0. 0. 3.413797e-02 -9.672579e-02 -5.505930e-02 0. 0. 0. 0. 0. 0. 0. -3.440066e-02 1.382085e-01 6.448738e-02
4.620482e+00 0. 0. 0. 0. 0. 0. 0. 3.264894e-02 -9.410237e-02 -5.318006e-02 0. 0. 0. 0. 0. 0. 0. -3.266325e-02 1.331385e-01 6.177778e-02
4.658635e+00 0. 0. 0. 0. 0. 0. 0. 3.121628e-02 -9.151186e-02 -5.134567e-02 0. 0. 0. 0. 0. 0. 0. -3.100312e-02 1.281944e-01 5.915635e-02
4.696787e+00 0. 0. 0. 0. 0. 0. 0. 2.983808e-02 -8.895601e-02 -4.955593e-02 0. 0. 0. 0. 0. 0. 0. -2.941659e-02 1.233743e-01 5.662022e-02
4.734940e+00 0. 0. 0. 0. 0. 0. 0. 2.851339e-02 -8.643415e-02 -4.781062e-02 0. 0. 0. 0. 0. 0. 0. -2.790394e-02 1.186861e-01 5.417328e-02
4.773092e+00 0. 0. 0. 0. 0. 0. 0. 2.723946e-02 -8.394973e-02 -4.610944e-02 0. 0. 0. 0. 0. 0. 0. -2.645848e-02 1.141192e-01 5.180706e-02
4.811245e+00 0. 0. 0. 0. 0. 0. 0. 2.601575e-02 -8.150160e-02 -4.445217e-02 0. 0. 0. 0. 0. 0. 0. -2.508162e-02 1.096831e-01 4.952653e-02
4.849398e+00 0. 0. 0. 0. 0. 0. 0. 2.483978e-02 -7.909258e-02 -4.283853e-02 0. 0. 0. 0. 0. 0. 0. -2.376733e-02 1.053694e-01 4.732503e-02
4.887550e+00 0. 0. 0. 0. 0. 0. 0. 2.371032e-02 -7.672278e-02 -4.126803e-02 0. 0. 0. 0. 0. 0. 0. -2.251469e-02 1.011805e-01 4.520282e-02
4.925703e+00 0. 0. 0. 0. 0. 0. 0. 2.262580e-02 -7.439308e-02 -3.974028e-02 0. 0. 0. 0. 0. 0. 0. -2.132089e-02 9.711445e-02 4.315772e-02
4.963855e+00 0. 0. 0. 0. 0. 0. 0. 2.158499e-02 -7.210363e-02 -3.825481e-02 0. 0. 0. 0. 0. 0. 0. -2.018472e-02 9.317284e-02 4.118968e-02
5.002008e+00 0. 0. 0. 0. 0. 0. 0. 2.058599e-02 -6.985594e-02 -3.681111e-02 0. 0. 0. 0. 0. 0. 0. -1.910234e-02 8.935042e-02 3.929443e-02
5.040161e+00 0. 0. 0. 0. 0. 0. 0. 1.962771e-02 -6.765000e-02 -3.540873e-02 0. 0. 0. 0. 0. 0. 0. -1.807239e-02 8.564840e-02 3.747185e-02
5.078313e+00 0. 0. 0. 0. 0. 0. 0. 1.870849e-02 -6.548680e-02 -3.404703e-02 0. 0. 0. 0. 0. 0. 0. -1.709207e-02 8.206254e-02 3.571842e-02
5.116466e+00 0. 0. 0. 0. 0. 0. 0. 1.782729e-02 -6.336622e-02 -3.272551e-02 0. 0. 0. 0. 0. 0. 0. -1.616017e-02 7.859417e-02 3.403423e-02
5.154618e+00 0. 0. 0. 0. 0. 0. 0. 1.698259e-02 -6.128914e-02 -3.144366e-02 0. 0. 0. 0. 0. 0. 0. -1.527379e-02 7.523949e-02 3.241615e-02
5.192771e+00 0. 0. 0. 0. 0. 0. 0. 1.617329e-02 -5.925537e-02 -3.020072e-02 0. 0. 0. 0. 0. 0. 0. -1.443193e-02 7.199786e-02 3.086316e-02
5.230924e+00 0. 0. 0. 0. 0. 0. 0. 1.539807e-02 -5.726541e-02 -2.899614e-02 0. 0. 0. 0. 0. 0. 0. -1.363201e-02 6.886656e-02 2.937289e-02
5.269076e+00 0. 0. 0. 0. 0. 0. 0. 1.465562e-02 -5.531968e-02 -2.782938e-02 0. 0. 0. 0. 0. 0. 0. -1.287186e-02 6.584332e-02 2.794345e-02
5.307229e+00 0. 0. 0. 0. 0. 0. 0. 1.394487e-02 -5.341804e-02 -2.669965e-02 0. 0. 0. 0. 0. 0. 0. -1.215035e-02 6.292616e-02 2.657306e-02
5.345382e+00 0. 0. 0. 0. 0. 0. 0. 1.326482e-02 -5.156016e-02 -2.560623e-02 0. 0. 0. 0. 0. 0. 0. -1.146615e-02 6.011416e-02 2.526068e-02
5.383534e+00 0. 0. 0. 0. 0. 0. 0. 1.261407e-02 -4.974666e-02 -2.454851e-02 0. 0. 0. 0. 0. 0. 0. -1.081665e-02 5.740293e-02 2.400324e-02
5.421687e+00 0. 0. 0. 0. 0. 0. 0. 1.199171e-02 -4.797707e-02 -2.352574e-02 0. 0. 0. 0. 0. 0. 0. -1.020084e-02 5.479159e-02 2.279980e-02
5.459839e+00 0. 0. 0. 0. 0. 0. 0. 1.139667e-02 -4.625142e-02 -2.253727e-02 0. 0. 0. 0. 0. 0. 0. -9.617117e-03 5.227774e-02 2.164856e-02
5.497992e+00 0. 0. 0. 0. 0. 0. 0. 1.082791e-02 -4.456948e-02 -2.158231e-02 0. 0. 0. 0. 0. 0. 0. -9.063861e-03 4.985855e-02 2.054747e-02
5.536145e+00 0. 0. 0. 0. 0. 0. 0. 1.028435e-02 -4.293119e-02 -2.066013e-02 0. 0. 0. 0. 0. 0. 0. -8.539573e-03 4.753115e-02 1.949454e-02
5.574297e+00 0. 0. 0. 0. 0. 0. 0. 9.765222e-03 -4.133606e-02 -1.977009e-02 0. 0. 0. 0. 0. 0. 0. -8.043290e-03 4.529487e-02 1.848910e-02
5.612450e+00 0. 0. 0. 0. 0. 0. 0. 9.269427e-03 -3.978400e-02 -1.891135e-02 0. 0. 0. 0. 0. 0. 0. -7.573211e-03 4.314523e-02 1.752825e-02
5.650602e+00 0. 0. 0. 0. 0. 0. 0. 8.796167e-03 -3.827452e-02 -1.808327e-02 0. 0. 0. 0. 0. 0. 0. -7.128468e-03 4.108155e-02 1.661140e-02
5.688755e+00 0. 0. 0. 0. 0. 0. 0. 8.344537e-03 -3.680724e-02 -1.728502e-02 0. 0. 0. 0. 0. 0. 0. -6.707802e-03 3.910080e-02 1.573657e-02
5.726908e+00 0. 0. 0. 0. 0. 0. 0. 7.913720e-03 -3.538172e-02 -1.651595e-02 0. 0. 0. 0. 0. 0. 0. -6.309963e-03 3.720075e-02 1.490229e-02
5.765060e+00 0. 0. 0. 0. 0. 0. 0. 7.502845e-03 -3.399761e-02 -1.577529e-02 0. 0. 0. 0. 0. 0. 0. -5.933911e-03 3.537897e-02 1.410702e-02
5.803213e+00 0. 0. 0. 0. 0. 0. 0. 7.111134e-03 -3.265427e-02 -1.506227e-02 0. 0. 0. 0. 0. 0. 0. -5.578478e-03 3.363288e-02 1.334915e-02
5.841365e+00 0. 0. 0. 0. 0. 0. 0. 6.737760e-03 -3.135130e-02 -1.437616e-02 0. 0. 0. 0. 0. 0. 0. -5.242633e-03 3.196008e-02 1.262719e-02
5.879518e+00 0. 0. 0. 0. 0. 0. 0. 6.382043e-03 -3.008806e-02 -1.371626e-02 0. 0. 0. 0. 0. 0. 0. -4.925466e-03 3.035860e-02 1.193995e-02
5.917671e+00 0. 0. 0. 0. 0. 0. 0. 6.043253e-03 -2.886393e-02 -1.308180e-02 0. 0. 0. 0. 0. 0. 0. -4.626122e-03 2.882597e-02 1.128593e-02
5.955823e+00 0. 0. 0. 0. 0. 0. 0. 5.720673e-03 -2.767841e-02 -1.247212e-02 0. 0. 0. 0. 0. 0. 0. -4.343562e-03 2.736003e-02 1.066385e-02
5.993976e+00 0. 0. 0. 0. 0. 0. 0. 5.413591e-03 -2.653081e-02 -1.188642e-02 0. 0. 0. 0. 0. 0. 0. -4.076900e-03 2.595806e-02 1.007214e-02
6.032129e+00 0. 0. 0. 0. 0. 0. 0. 5.121440e-03 -2.542048e-02 -1.132409e-02 0. 0. 0. 0. 0. 0. 0. -3.825507e-03 2.461869e-02 9.509989e-03
6.070281e+00 0. 0. 0. 0. 0. 0. 0. 4.843524e-03 -2.434677e-02 -1.078438e-02 0. 0. 0. 0. 0. 0. 0. -3.588424e-03 2.333908e-02 8.975799e-03
6.108434e+00 0. 0. 0. 0. 0. 0. 0. 4.579296e-03 -2.330895e-02 -1.026662e-02 0. 0. 0. 0. 0. 0. 0. -3.365085e-03 2.211761e-02 8.468640e-03
6.146586e+00 0. 0. 0. 0. 0. 0. 0. 4.328113e-03 -2.230640e-02 -9.770130e-03 0. 0. 0. 0. 0. 0. 0. -3.154600e-03 2.095188e-02 7.987200e-03
6.184739e+00 0. 0. 0. 0. 0. 0. 0. 4.089426e-03 -2.133836e-02 -9.294228e-03 0. 0. 0. 0. 0. 0. 0. -2.956364e-03 1.983990e-02 7.530378e-03
6.222892e+00 0. 0. 0. 0. 0. 0. 0. 3.862692e-03 -2.040413e-02 -8.838277e-03 0. 0. 0. 0. 0. 0. 0. -2.769694e-03 1.877969e-02 7.097110e-03
6.261044e+00 0. 0. 0. 0. 0. 0. 0. 3.647371e-03 -1.950298e-02 -8.401603e-03 0. 0. 0. 0. 0. 0. 0. -2.593956e-03 1.776917e-02 6.686281e-03
6.299197e+00 0. 0. 0. 0. 0. 0. 0. 3.442998e-03 -1.863406e-02 -7.983566e-03 0. 0. 0. 0. 0. 0. 0. -2.428704e-03 1.680682e-02 6.297096e-03
6.337349e+00 0. 0. 0. 0. 0. 0. 0. 3.249016e-03 -1.779673e-02 -7.583527e-03 0. 0. 0. 0. 0. 0. 0. -2.273213e-03 1.589033e-02 5.928334e-03
6.375502e+00 0. 0. 0. 0. 0. 0. 0. 3.064995e-03 -1.699019e-02 -7.200890e-03 0. 0. 0. 0. 0. 0. 0. -2.127011e-03 1.501813e-02 5.579187e-03
6.413655e+00 0. 0. 0. 0. 0. 0. 0. 2.890485e-03 -1.621370e-02 -6.835044e-03 0. 0. 0. 0. 0. 0. 0. -1.989579e-03 1.418830e-02 5.248667e-03
6.451807e+00 0. 0. 0. 0. 0. 0. 0. 2.725065e-03 -1.546651e-02 -6.485430e-03 0. 0. 0. 0. 0. 0. 0. -1.860496e-03 1.339944e-02 4.936073e-03
6.489960e+00 0. 0. 0. 0. 0. 0. 0. 2.568270e-03 -1.474785e-02 -6.151417e-03 0. 0. 0. 0. 0. 0. 0. -1.739188e-03 1.264943e-02 4.640321e-03
6.528112e+00 0. 0. 0. 0. 0. 0. 0. 2.419739e-03 -1.405697e-02 -5.832485e-03 0. 0. 0. 0. 0. 0. 0. -1.625306e-03 1.193701e-02 4.360800e-03
6.566265e+00 0. 0. 0. 0. 0. 0. 0. 2.279068e-03 -1.339311e-02 -5.528058e-03 0. 0. 0. 0. 0. 0. 0. -1.518392e-03 1.126041e-02 4.096632e-03
6.604418e+00 0. 0. 0. 0. 0. 0. 0. 2.145897e-03 -1.275551e-02 -5.237606e-03 0. 0. 0. 0. 0. 0. 0. -1.418080e-03 1.061820e-02 3.847114e-03
6.642570e+00 0. 0. 0. 0. 0. 0. 0. 2.019857e-03 -1.214344e-02 -4.960601e-03 0. 0. 0. 0. 0. 0. 0. -1.323973e-03 1.000884e-02 3.611506e-03
6.680723e+00 0. 0. 0. 0. 0. 0. 0. 1.900615e-03 -1.155614e-02 -4.696525e-03 0. 0. 0. 0. 0. 0. 0. -1.235736e-03 9.430952e-03 3.389146e-03
6.718876e+00 0. 0. 0. 0. 0. 0. 0. 1.787841e-03 -1.099286e-02 -4.444881e-03 0. 0. 0. 0. 0. 0. 0. -1.153014e-03 8.883091e-03 3.179343e-03
6.757028e+00 0. 0. 0. 0. 0. 0. 0. 1.681212e-03 -1.045289e-02 -4.205179e-03 0. 0. 0. 0. 0. 0. 0. -1.075491e-03 8.363928e-03 2.981473e-03
6.795181e+00 0. 0. 0. 0. 0. 0. 0. 1.580440e-03 -9.935494e-03 -3.976948e-03 0. 0. 0. 0. 0. 0. 0. -1.002875e-03 7.872194e-03 2.794944e-03
6.833333e+00 0. 0. 0. 0. 0. 0. 0. 1.485229e-03 -9.439972e-03 -3.759732e-03 0. 0. 0. 0. 0. 0. 0. -9.348594e-04 7.406580e-03 2.619145e-03
6.871486e+00 0. 0. 0. 0. 0. 0. 0. 1.395296e-03 -8.965620e-03 -3.553077e-03 0. 0. 0. 0. 0. 0. 0. -8.711745e-04 6.965897e-03 2.453530e-03
6.909639e+00 0. 0. 0. 0. 0. 0. 0. 1.310394e-03 -8.511730e-03 -3.356559e-03 0. 0. 0. 0. 0. 0. 0. -8.115930e-04 6.549060e-03 2.297609e-03
6.947791e+00 0. 0. 0. 0. 0. 0. 0. 1.230257e-03 -8.077635e-03 -3.169752e-03 0. 0. 0. 0. 0. 0. 0. -7.558319e-04 6.154832e-03 2.150813e-03
6.985944e+00 0. 0. 0. 0. 0. 0. 0. 1.154651e-03 -7.662659e-03 -2.992255e-03 0. 0. 0. 0. 0. 0. 0. -7.036876e-04 5.782227e-03 2.012706e-03
7.024096e+00 0. 0. 0. 0. 0. 0. 0. 1.083335e-03 -7.266127e-03 -2.823657e-03 0. 0. 0. 0. 0. 0. 0. -6.549309e-04 5.430154e-03 1.882796e-03
7.062249e+00 0. 0. 0. 0. 0. 0. 0. 1.016096e-03 -6.887407e-03 -2.663592e-03 0. 0. 0. 0. 0. 0. 0. -6.093675e-04 5.097671e-03 1.760672e-03
7.100402e+00 0. 0. 0. 0. 0. 0. 0. 9.527232e-04 -6.525849e-03 -2.511682e-03 0. 0. 0. 0. 0. 0. 0. -5.667991e-04 4.783792e-03 1.645896e-03
7.138554e+00 0. 0. 0. 0. 0. 0. 0. 8.930101e-04 -6.180846e-03 -2.367572e-03 0. 0. 0. 0. 0. 0. 0. -5.270327e-04 4.487571e-03 1.538055e-03
7.176707e+00 0. 0. 0. 0. 0. 0. 0. 8.367692e-04 -5.851790e-03 -2.230923e-03 0. 0. 0. 0. 0. 0. 0. -4.899077e-04 4.208178e-03 1.436794e-03
7.214859e+00 0. 0. 0. 0. 0. 0. 0. 7.838163e-04 -5.538082e-03 -2.101395e-03 0. 0. 0. 0. 0. 0. 0. -4.552513e-04 3.944716e-03 1.341723e-03
7.253012e+00 0. 0. 0. 0. 0. 0. 0. 7.339766e-04 -5.239136e-03 -1.978668e-03 0. 0. 0. 0. 0. 0. 0. -4.229182e-04 3.696418e-03 1.252518e-03
7.291165e+00 0. 0. 0. 0. 0. 0. 0. 6.870763e-04 -4.954389e-03 -1.862427e-03 0. 0. 0. 0. 0. 0. 0. -3.927507e-04 3.462459e-03 1.168825e-03
7.329317e+00 0. 0. 0. 0. 0. 0. 0. 6.429651e-04 -4.683287e-03 -1.752378e-03 0. 0. 0. 0. 0. 0. 0. -3.646245e-04 3.242139e-03 1.090352e-03
7.367470e+00 0. 0. 0. 0. 0. 0. 0. 6.014918e-04 -4.425295e-03 -1.648236e-03 0. 0. 0. 0. 0. 0. 0. -3.384088e-04 3.034742e-03 1.016800e-03
7.405622e+00 0. 0. 0. 0. 0. 0. 0. 5.625086e-04 -4.179883e-03 -1.549719e-03 0. 0. 0. 0. 0. 0. 0. -3.139745e-04 2.839565e-03 9.478744e-04
7.443775e+00 0. 0. 0. 0. 0. 0. 0. 5.258784e-04 -3.946539e-03 -1.456559e-03 0. 0. 0. 0. 0. 0. 0. -2.912142e-04 2.655982e-03 8.833182e-04
7.481928e+00 0. 0. 0. 0. 0. 0. 0. 4.914711e-04 -3.724761e-03 -1.368498e-03 0. 0. 0. 0. 0. 0. 0. -2.700204e-04 2.483371e-03 8.228760e-04
7.520080e+00 0. 0. 0. 0. 0. 0. 0. 4.591649e-04 -3.514081e-03 -1.285295e-03 0. 0. 0. 0. 0. 0. 0. -2.502895e-04 2.321138e-03 7.663049e-04
7.558233e+00 0. 0. 0. 0. 0. 0. 0. 4.288410e-04 -3.314033e-03 -1.206714e-03 0. 0. 0. 0. 0. 0. 0. -2.319267e-04 2.168715e-03 7.133756e-04
7.596386e+00 0. 0. 0. 0. 0. 0. 0. 4.003899e-04 -3.124160e-03 -1.132527e-03 0. 0. 0. 0. 0. 0. 0. -2.148445e-04 2.025575e-03 6.638755e-04
7.634538e+00 0. 0. 0. 0. 0. 0. 0. 3.737042e-04 -2.944031e-03 -1.062519e-03 0. 0. 0. 0. 0. 0. 0. -1.989569e-04 1.891198e-03 6.175964e-04
7.672691e+00 0. 0. 0. 0. 0. 0. 0. 3.486826e-04 -2.773213e-03 -9.964773e-04 0. 0. 0. 0. 0. 0. 0. -1.841877e-04 1.765107e-03 5.743489e-04
7.710843e+00 0. 0. 0. 0. 0. 0. 0. 3.252284e-04 -2.611292e-03 -9.342001e-04 0. 0. 0. 0. 0. 0. 0. -1.704607e-04 1.646827e-03 5.339455e-04
7.748996e+00 0. 0. 0. 0. 0. 0. 0. 3.032523e-04 -2.457876e-03 -8.754988e-04 0. 0. 0. 0. 0. 0. 0. -1.577070e-04 1.535922e-03 4.962138e-04
7.787149e+00 0. 0. 0. 0. 0. 0. 0. 2.826683e-04 -2.312576e-03 -8.201884e-04 0. 0. 0. 0. 0. 0. 0. -1.458621e-04 1.431973e-03 4.609914e-04
7.825301e+00 0. 0. 0. 0. 0. 0. 0. 2.633934e-04 -2.175023e-03 -7.680924e-04 0. 0. 0. 0. 0. 0. 0. -1.348637e-04 1.334578e-03 4.281211e-04
7.863454e+00 0. 0. 0. 0. 0. 0. 0. 2.453517e-04 -2.044861e-03 -7.190446e-04 0. 0. 0. 0. 0. 0. 0. -1.246557e-04 1.243363e-03 3.974593e-04
7.901606e+00 0. 0. 0. 0. 0. 0. 0. 2.284694e-04 -1.921748e-03 -6.728846e-04 0. 0. 0. 0. 0. 0. 0. -1.151833e-04 1.157966e-03 3.688661e-04
7.939759e+00 0. 0. 0. 0. 0. 0. 0. 2.126791e-04 -1.805354e-03 -6.294612e-04 0. 0. 0. 0. 0. 0. 0. -1.063971e-04 1.078047e-03 3.422122e-04
7.977912e+00 0. 0. 0. 0. 0. 0. 0. 1.979157e-04 -1.695360e-03 -5.886290e-04 0. 0. 0. 0. 0. 0. 0. -9.825079e-05 1.003290e-03 3.173779e-04
8.016064e+00 0. 0. 0. 0. 0. 0. 0. 1.841154e-04 -1.591456e-03 -5.502460e-04 0. 0. 0. 0. 0. 0. 0. -9.069891e-05 9.333811e-04 2.942436e-04
8.054217e+00 0. 0. 0. 0. 0. 0. 0. 1.712210e-04 -1.493346e-03 -5.141806e-04 0. 0. 0. 0. 0. 0. 0. -8.370138e-05 8.680355e-04 2.727034e-04
8.092369e+00 0. 0. 0. 0. 0. 0. 0. 1.591767e-04 -1.400744e-03 -4.803046e-04 0. 0. 0. 0. 0. 0. 0. -7.721915e-05 8.069762e-04 2.526534e-04
8.130522e+00 0. 0. 0. 0. 0. 0. 0. 1.479306e-04 -1.313381e-03 -4.484987e-04 0. 0. 0. 0. 0. 0. 0. -7.121657e-05 7.499457e-04 2.339981e-04
8.168675e+00 0. 0. 0. 0. 0. 0. 0. 1.374335e-04 -1.230995e-03 -4.186478e-04 0. 0. 0. 0. 0. 0. 0. -6.566024e-05 6.967000e-04 2.166472e-04
8.206827e+00 0. 0. 0. 0. 0. 0. 0. 1.276387e-04 -1.153336e-03 -3.906427e-04 0. 0. 0. 0. 0. 0. 0. -6.051827e-05 6.470056e-04 2.005148e-04
8.244980e+00 0. 0. 0. 0. 0. 0. 0. 1.185023e-04 -1.080161e-03 -3.643787e-04 0. 0. 0. 0. 0. 0. 0. -5.576107e-05 6.006406e-04 1.855198e-04
8.283133e+00 0. 0. 0. 0. 0. 0. 0. 1.099839e-04 -1.011244e-03 -3.397591e-04 0. 0. 0. 0. 0. 0. 0. -5.136176e-05 5.574015e-04 1.715882e-04
8.321285e+00 0. 0. 0. 0. 0. 0. 0. 1.020438e-04 -9.463639e-04 -3.166889e-04 0. 0. 0. 0. 0. 0. 0. -4.729440e-05 5.170908e-04 1.586485e-04
8.359438e+00 0. 0. 0. 0. 0. 0. 0. 9.464545e-05 -8.853084e-04 -2.950790e-04 0. 0. 0. 0. 0. 0. 0. -4.353530e-05 4.795257e-04 1.466347e-04
8.397590e+00 0. 0. 0. 0. 0. 0. 0. 8.775397e-05 -8.278730e-04 -2.748435e-04 0. 0. 0. 0. 0. 0. 0. -4.006233e-05 4.445320e-04 1.354846e-04
8.435743e+00 0. 0. 0. 0. 0. 0. 0. 8.133716e-05 -7.738708e-04 -2.559038e-04 0. 0. 0. 0. 0. 0. 0. -3.685470e-05 4.119463e-04 1.251397e-04
8.473896e+00 0. 0. 0. 0. 0. 0. 0. 7.536410e-05 -7.231111e-04 -2.381823e-04 0. 0. 0. 0. 0. 0. 0. -3.389324e-05 3.816147e-04 1.155458e-04
8.512048e+00 0. 0. 0. 0. 0. 0. 0. 6.980606e-05 -6.754212e-04 -2.216073e-04 0. 0. 0. 0. 0. 0. 0. -3.115969e-05 3.533902e-04 1.066507e-04
8.550201e+00 0. 0. 0. 0. 0. 0. 0. 6.463659e-05 -6.306397e-04 -2.061123e-04 0. 0. 0. 0. 0. 0. 0. -2.863764e-05 3.271390e-04 9.840733e-05
8.588353e+00 0. 0. 0. 0. 0. 0. 0. 5.983003e-05 -5.886021e-04 -1.916316e-04 0. 0. 0. 0. 0. 0. 0. -2.631141e-05 3.027308e-04 9.077033e-05
8.626506e+00 0. 0. 0. 0. 0. 0. 0. 5.536238e-05 -5.491584e-04 -1.781043e-04 0. 0. 0. 0. 0. 0. 0. -2.416642e-05 2.800449e-04 8.369756e-05
8.664659e+00 0. 0. 0. 0. 0. 0. 0. 5.121126e-05 -5.121627e-04 -1.654723e-04 0. 0. 0. 0. 0. 0. 0. -2.218924e-05 2.589671e-04 7.714964e-05
8.702811e+00 0. 0. 0. 0. 0. 0. 0. 4.735571e-05 -4.774819e-04 -1.536817e-04 0. 0. 0. 0. 0. 0. 0. -2.036742e-05 2.393927e-04 7.109020e-05
8.740964e+00 0. 0. 0. 0. 0. 0. 0. 4.377557e-05 -4.449772e-04 -1.426791e-04 0. 0. 0. 0. 0. 0. 0. -1.868922e-05 2.212195e-04 6.548438e-05
8.779116e+00 0. 0. 0. 0. 0. 0. 0. 4.045241e-05 -4.145245e-04 -1.324157e-04 0. 0. 0. 0. 0. 0. 0. -1.714381e-05 2.043530e-04 6.029997e-05
8.817269e+00 0. 0. 0. 0. 0. 0. 0. 3.736891e-05 -3.860090e-04 -1.228462e-04 0. 0. 0. 0. 0. 0. 0. -1.572117e-05 1.887061e-04 5.550719e-05
8.855422e+00 0. 0. 0. 0. 0. 0. 0. 3.450886e-05 -3.593177e-04 -1.139271e-04 0. 0. 0. 0. 0. 0. 0. -1.441200e-05 1.741957e-04 5.107801e-05
8.893574e+00 0. 0. 0. 0. 0. 0. 0. 3.185712e-05 -3.343481e-04 -1.056181e-04 0. 0. 0. 0. 0. 0. 0. -1.320764e-05 1.607448e-04 4.698638e-05
8.931727e+00 0. 0. 0. 0. 0. 0. 0. 2.939929e-05 -3.109965e-04 -9.787996e-05 0. 0. 0. 0. 0. 0. 0. -1.210010e-05 1.482809e-04 4.320800e-05
8.969880e+00 0. 0. 0. 0. 0. 0. 0. 2.712159e-05 -2.891601e-04 -9.067461e-05 0. 0. 0. 0. 0. 0. 0. -1.108182e-05 1.367341e-04 3.971968e-05
9.008032e+00 0. 0. 0. 0. 0. 0. 0. 2.501194e-05 -2.687558e-04 -8.396954e-05 0. 0. 0. 0. 0. 0. 0. -1.014601e-05 1.260423e-04 3.650068e-05
9.046185e+00 0. 0. 0. 0. 0. 0. 0. 2.305862e-05 -2.496962e-04 -7.773218e-05 0. 0. 0. 0. 0. 0. 0. -9.286240e-06 1.161454e-04 3.353110e-05
9.084337e+00 0. 0. 0. 0. 0. 0. 0. 2.125049e-05 -2.318971e-04 -7.193143e-05 0. 0. 0. 0. 0. 0. 0. -8.496575e-06 1.069874e-04 3.079254e-05
9.122490e+00 0. 0. 0. 0. 0. 0. 0. 1.957736e-05 -2.152830e-04 -6.653889e-05 0. 0. 0. 0. 0. 0. 0. -7.771576e-06 9.851658e-05 2.826802e-05
9.160643e+00 0. 0. 0. 0. 0. 0. 0. 1.802977e-05 -1.997814e-04 -6.152797e-05 0. 0. 0. 0. 0. 0. 0. -7.106140e-06 9.068413e-05 2.594157e-05
9.198795e+00 0. 0. 0. 0. 0. 0. 0. 1.659925e-05 -1.853322e-04 -5.687542e-05 0. 0. 0. 0. 0. 0. 0. -6.495658e-06 8.344642e-05 2.379881e-05
9.236948e+00 0. 0. 0. 0. 0. 0. 0. 1.527645e-05 -1.718497e-04 -5.255271e-05 0. 0. 0. 0. 0. 0. 0. -5.935585e-06 7.675626e-05 2.182496e-05
9.275100e+00 0. 0. 0. 0. 0. 0. 0. 1.405429e-05 -1.592886e-04 -4.854112e-05 0. 0. 0. 0. 0. 0. 0. -5.422075e-06 7.057796e-05 2.000809e-05
9.313253e+00 0. 0. 0. 0. 0. 0. 0. 1.292598e-05 -1.475990e-04 -4.482173e-05 0. 0. 0. 0. 0. 0. 0. -4.951519e-06 6.487648e-05 1.833678e-05
9.351406e+00 0. 0. 0. 0. 0. 0. 0. 1.188358e-05 -1.367030e-04 -4.136942e-05 0. 0. 0. 0. 0. 0. 0. -4.520209e-06 5.961186e-05 1.679874e-05
9.389558e+00 0. 0. 0. 0. 0. 0. 0. 1.092152e-05 -1.265634e-04 -3.816920e-05 0. 0. 0. 0. 0. 0. 0. -4.125150e-06 5.475532e-05 1.538451e-05
9.427711e+00 0. 0. 0. 0. 0. 0. 0. 1.003392e-05 -1.171303e-04 -3.520358e-05 0. 0. 0. 0. 0. 0. 0. -3.763376e-06 5.027613e-05 1.408441e-05
9.465863e+00 0. 0. 0. 0. 0. 0. 0. 9.214906e-06 -1.083518e-04 -3.245488e-05 0. 0. 0. 0. 0. 0. 0. -3.432152e-06 4.614559e-05 1.288946e-05
9.504016e+00 0. 0. 0. 0. 0. 0. 0. 8.459906e-06 -1.001943e-04 -2.991019e-05 0. 0. 0. 0. 0. 0. 0. -3.129077e-06 4.233978e-05 1.179193e-05
9.542169e+00 0. 0. 0. 0. 0. 0. 0. 7.764088e-06 -9.113996e-05 -2.755491e-05 0. 0. 0. 0. 0. 0. 0. -2.851841e-06 3.883403e-05 1.078415e-05
9.580321e+00 0. 0. 0. 0. 0. 0. 0. 6.990889e-06 -8.142900e-05 -2.489256e-05 0. 0. 0. 0. 0. 0. 0. -2.598261e-06 3.494846e-05 9.858818e-06
9.618474e+00 0. 0. 0. 0. 0. 0. 0. 6.163461e-06 -7.130174e-05 -2.200938e-05 0. 0. 0. 0. 0. 0. 0. -2.314200e-06 3.079798e-05 8.806572e-06
9.656627e+00 0. 0. 0. 0. 0. 0. 0. 5.304955e-06 -6.099851e-05 -1.899158e-05 0. 0. 0. 0. 0. 0. 0. -2.009673e-06 2.649747e-05 7.666941e-06
9.694779e+00 0. 0. 0. 0. 0. 0. 0. 4.438524e-06 -5.075959e-05 -1.592538e-05 0. 0. 0. 0. 0. 0. 0. -1.694691e-06 2.216184e-05 6.479455e-06
9.732932e+00 0. 0. 0. 0. 0. 0. 0. 3.587320e-06 -4.082528e-05 -1.289700e-05 0. 0. 0. 0. 0. 0. 0. -1.379268e-06 1.790599e-05 5.283639e-06
9.771084e+00 0. 0. 0. 0. 0. 0. 0. 2.774494e-06 -3.143591e-05 -9.992674e-06 0. 0. 0. 0. 0. 0. 0. -1.073416e-06 1.384480e-05 4.119021e-06
9.809237e+00 0. 0. 0. 0. 0. 0. 0. 2.023198e-06 -2.283175e-05 -7.298610e-06 0. 0. 0. 0. 0. 0. 0. -7.871469e-07 1.009318e-05 3.025128e-06
9.847390e+00 0. 0. 0. 0. 0. 0. 0. 1.356586e-06 -1.525313e-05 -4.901032e-06 0. 0. 0. 0. 0. 0. 0. -5.304744e-07 6.766029e-06 2.041488e-06
9.885542e+00 0. 0. 0. 0. 0. 0. 0. 7.978074e-07 -8.940341e-06 -2.886162e-06 0. 0. 0. 0. 0. 0. 0. -3.134108e-07 3.978237e-06 1.207628e-06
9.923695e+00 0. 0. 0. 0. 0. 0. 0. 3.700157e-07 -4.133687e-06 -1.340219e-06 0. 0. 0. 0. 0. 0. 0. -1.459688e-07 1.844703e-06 5.630751e-07
9.961847e+00 0. 0. 0. 0. 0. 0. 0. 9.636259e-08 -1.073472e-06 -3.494249e-07 0. 0. 0. 0. 0. 0. 0. -3.816097e-08 4.803254e-07 1.473566e-07
1.000000e+01 0. 0. 0. 0. 0. 0. 0. 0. 0. 0. 0. 0. 0. 0. 0. 0. 0. 0. 0. 0.



repulsion_comment=
Tue Apr  8 12:51:39 2014
parameters r_cut = 2.7000 Ang, s = 1.2500, k =   3
Rh-H ontop;w=1.0|Rh-H fcc;w=1.0|Rh-H bridge;w=1.0|Repulsion by AJ Medford, used for coarse graining. Not publication quality.


repulsion=
0.18897259582 6.89985260784
0.238601762399 6.51385398641
0.288230928978 6.14453590965
0.337860095557 5.79140497608
0.387489262136 5.45397525972
0.437118428715 5.13176832254
0.486747595294 4.82431321087
0.536376761873 4.53114645637
0.586005928452 4.25181207578
0.635635095031 3.98586157102
0.68526426161 3.73285392913
0.734893428189 3.49235562227
0.784522594768 3.26394060776
0.834151761347 3.04719032807
0.883780927926 2.84169371077
0.933410094505 2.6470471686
0.983039261084 2.46285459943
1.03266842766 2.28872738626
1.08229759424 2.12428439723
1.13192676082 1.9691519857
1.1815559274 1.82296399047
1.23118509398 1.68536173552
1.28081426056 1.55599403
1.33044342714 1.43451716819
1.38007259372 1.3205949295
1.42970176029 1.21389857848
1.47933092687 1.11410686483
1.52896009345 1.02090602337
1.57858926003 0.933989774076
1.62821842661 0.853059322048
1.67784759319 0.77782335753
1.72747675977 0.707998055906
1.77710592635 0.643307077696
1.82673509293 0.583481568556
1.87636425951 0.528260159285
1.92599342608 0.477388965817
1.97562259266 0.430621589223
2.02525175924 0.387719115715
2.07488092582 0.348450116642
2.1245100924 0.312590648491
2.17413925898 0.279924252887
2.22376842556 0.250241956594
2.27339759214 0.223342271513
2.32302675872 0.199031194683
2.3726559253 0.177122208282
2.42228509187 0.157436279627
2.47191425845 0.139801861245
2.52154342503 0.124054891097
2.57117259161 0.110038792355
2.62080175819 0.09760447333
2.67043092477 0.0866103274713
2.72006009135 0.0769222333656
2.76968925793 0.0684135547381
2.81931842451 0.0609651404523
2.86894759109 0.0544653245083
2.91857675766 0.0488099260514
2.96820592424 0.0439022493377
3.01783509082 0.039653083863
3.0674642574 0.0359807038892
3.11709342398 0.0328108701622
3.16672259056 0.0300768237606
3.21635175714 0.0277193070571
3.26598092372 0.0256864187853
3.3156100903 0.0239320518495
3.36523925688 0.022413952043
3.41486842345 0.0210934381642
3.46449759003 0.0199354259142
3.51412675661 0.0189084209193
3.56375592319 0.0179845205238
3.61338508977 0.0171394133944
3.66301425635 0.0163523794516
3.71264342293 0.0156062902894
3.76227258951 0.014887608345
3.81190175609 0.0141863872178
3.86153092267 0.0134962599762
3.91116008924 0.0128136889124
3.96078925582 0.0121361548499
4.0104184224 0.011461665656
4.06004758898 0.0107887541771
4.10967675556 0.0101164779721
4.15930592214 0.00944441940939
4.20893508872 0.00877268563389
4.2585642553 0.00810190857778
4.30819342188 0.00743324495708
4.35782258846 0.0067683762727
4.40745175503 0.00610950881016
4.45708092161 0.00545937363963
4.50671008819 0.00482122661593
4.55633925477 0.00419884837861
4.60596842135 0.0035965443516
4.65559758793 0.00301914474442
4.70522675451 0.00247200454812
4.75485592109 0.00196100354876
4.80448508767 0.00149254628353
4.85411425425 0.00107356217982
4.90374342082 0.000711505129037
4.9533725874 0.000414354734214
5.00300175398 0.000190612898821
5.05263092056 4.9312123037e-05
5.10226008714 0.0
