slako_comment=
Rh xc=PW92 charge=0.0 conf:quadratic r0=4.720
O xc=PW92 charge=0.0 conf:quadratic r0=2.552
Fri Apr  4 19:04:47 2014 


Rh_O_table=
5.000000e-01 0. 0. 0. 0. 0. -4.561650e-01 -2.993634e-01 0. 1.820131e-01 -1.210651e-01 0. 0. 0. 0. 0. -1.768247e-01 -1.346572e-01 0. 1.076578e-01 -2.018428e-01
5.381526e-01 0. 0. 0. 0. 0. -4.033640e-01 -3.084549e-01 0. 1.342333e-01 -4.856380e-02 0. 0. 0. 0. 0. -1.884346e-01 -1.380681e-01 0. 1.178531e-01 -2.093360e-01
5.763052e-01 0. 0. 0. 0. 0. -3.374960e-01 -3.121462e-01 0. 7.843251e-02 1.279758e-02 0. 0. 0. 0. 0. -2.008629e-01 -1.418433e-01 0. 1.280928e-01 -2.167060e-01
6.144578e-01 0. 0. 0. 0. 0. -2.619012e-01 -3.114177e-01 0. 1.728547e-02 6.195697e-02 0. 0. 0. 0. 0. -2.139509e-01 -1.458797e-01 0. 1.382830e-01 -2.237973e-01
6.526104e-01 0. 0. 0. 0. 0. -1.802165e-01 -3.057289e-01 0. -4.618480e-02 1.004046e-01 0. 0. 0. 0. 0. -2.274688e-01 -1.503178e-01 0. 1.482185e-01 -2.306918e-01
6.907631e-01 0. 0. 0. 0. 0. -9.550993e-02 -2.966019e-01 0. -1.099000e-01 1.285436e-01 0. 0. 0. 0. 0. -2.412622e-01 -1.548993e-01 0. 1.578474e-01 -2.371866e-01
7.289157e-01 0. 0. 0. 0. 0. -1.054837e-02 -2.836478e-01 0. -1.716019e-01 1.485883e-01 0. 0. 0. 0. 0. -2.550724e-01 -1.598385e-01 0. 1.669454e-01 -2.434678e-01
7.670683e-01 0. 0. 0. 0. 0. 7.271899e-02 -2.680397e-01 0. -2.299592e-01 1.616381e-01 0. 0. 0. 0. 0. -2.687379e-01 -1.648604e-01 0. 1.754566e-01 -2.493828e-01
8.052209e-01 0. 0. 0. 0. 0. 1.522785e-01 -2.498262e-01 0. -2.835819e-01 1.696970e-01 0. 0. 0. 0. 0. -2.820355e-01 -1.701442e-01 0. 1.832109e-01 -2.551018e-01
8.433735e-01 0. 0. 0. 0. 0. 2.265236e-01 -2.299262e-01 0. -3.315469e-01 1.740096e-01 0. 0. 0. 0. 0. -2.948142e-01 -1.754699e-01 0. 1.901607e-01 -2.605364e-01
8.815261e-01 0. 0. 0. 0. 0. 2.947115e-01 -2.086730e-01 0. -3.735172e-01 1.758218e-01 0. 0. 0. 0. 0. -3.069050e-01 -1.809001e-01 0. 1.962068e-01 -2.657776e-01
9.196787e-01 0. 0. 0. 0. 0. 3.561150e-01 -1.864491e-01 0. -4.091215e-01 1.762409e-01 0. 0. 0. 0. 0. -3.181529e-01 -1.863630e-01 0. 2.012777e-01 -2.708513e-01
9.578313e-01 0. 0. 0. 0. 0. 4.106276e-01 -1.637190e-01 0. -4.385348e-01 1.759915e-01 0. 0. 0. 0. 0. -3.284529e-01 -1.918256e-01 0. 2.053313e-01 -2.757976e-01
9.959839e-01 0. 0. 0. 0. 0. 4.576040e-01 -1.408395e-01 0. -4.615417e-01 1.758506e-01 0. 0. 0. 0. 0. -3.376911e-01 -1.972314e-01 0. 2.083549e-01 -2.805959e-01
1.034137e+00 0. 0. 0. 0. 0. 4.970582e-01 -1.180671e-01 0. -4.783556e-01 1.764420e-01 0. 0. 0. 0. 0. -3.457702e-01 -2.025431e-01 0. 2.102929e-01 -2.853337e-01
1.072289e+00 0. 0. 0. 0. 0. 5.295066e-01 -9.553018e-02 0. -4.895667e-01 1.779576e-01 0. 0. 0. 0. 0. -3.526223e-01 -2.077921e-01 0. 2.111530e-01 -2.900224e-01
1.110442e+00 0. 0. 0. 0. 0. 5.553170e-01 -7.370610e-02 0. -4.956284e-01 1.804379e-01 0. 0. 0. 0. 0. -3.582365e-01 -2.128296e-01 0. 2.109851e-01 -2.946033e-01
1.148594e+00 0. 0. 0. 0. 0. 5.743603e-01 -5.236670e-02 0. -4.965943e-01 1.844890e-01 0. 0. 0. 0. 0. -3.624901e-01 -2.177506e-01 0. 2.097111e-01 -2.992180e-01
1.186747e+00 0. 0. 0. 0. 0. 5.877192e-01 -3.201491e-02 0. -4.934797e-01 1.895159e-01 0. 0. 0. 0. 0. -3.654672e-01 -2.224402e-01 0. 2.074791e-01 -3.037225e-01
1.224900e+00 0. 0. 0. 0. 0. 5.953998e-01 -1.263744e-02 0. -4.863940e-01 1.958481e-01 0. 0. 0. 0. 0. -3.671088e-01 -2.269094e-01 0. 2.042523e-01 -3.082122e-01
1.263052e+00 0. 0. 0. 0. 0. 5.981888e-01 5.747012e-03 0. -4.760202e-01 2.032606e-01 0. 0. 0. 0. 0. -3.674353e-01 -2.311624e-01 0. 2.000918e-01 -3.126647e-01
1.301205e+00 0. 0. 0. 0. 0. 5.966223e-01 2.303544e-02 0. -4.628515e-01 2.115595e-01 0. 0. 0. 0. 0. -3.664841e-01 -2.351123e-01 0. 1.950866e-01 -3.170096e-01
1.339357e+00 0. 0. 0. 0. 0. 5.907785e-01 3.936467e-02 0. -4.470079e-01 2.209558e-01 0. 0. 0. 0. 0. -3.642080e-01 -2.388556e-01 0. 1.891897e-01 -3.213706e-01
1.377510e+00 0. 0. 0. 0. 0. 5.817011e-01 5.443588e-02 0. -4.293254e-01 2.308127e-01 0. 0. 0. 0. 0. -3.607568e-01 -2.422579e-01 0. 1.825761e-01 -3.255882e-01
1.415663e+00 0. 0. 0. 0. 0. 5.694497e-01 6.844483e-02 0. -4.099418e-01 2.412329e-01 0. 0. 0. 0. 0. -3.560973e-01 -2.453765e-01 0. 1.752528e-01 -3.297130e-01
1.453815e+00 0. 0. 0. 0. 0. 5.545203e-01 8.140651e-02 0. -3.891735e-01 2.521243e-01 0. 0. 0. 0. 0. -3.502865e-01 -2.482023e-01 0. 1.672573e-01 -3.337533e-01
1.491968e+00 0. 0. 0. 0. 0. 5.374302e-01 9.331179e-02 0. -3.674736e-01 2.631973e-01 0. 0. 0. 0. 0. -3.433941e-01 -2.507482e-01 0. 1.586792e-01 -3.376730e-01
1.530120e+00 0. 0. 0. 0. 0. 5.185506e-01 1.040976e-01 0. -3.451275e-01 2.742435e-01 0. 0. 0. 0. 0. -3.355104e-01 -2.529228e-01 0. 1.496210e-01 -3.413904e-01
1.568273e+00 0. 0. 0. 0. 0. 4.981859e-01 1.139363e-01 0. -3.223532e-01 2.852506e-01 0. 0. 0. 0. 0. -3.266575e-01 -2.548321e-01 0. 1.400930e-01 -3.449715e-01
1.606426e+00 0. 0. 0. 0. 0. 4.766392e-01 1.228224e-01 0. -2.993484e-01 2.961032e-01 0. 0. 0. 0. 0. -3.169087e-01 -2.564420e-01 0. 1.301562e-01 -3.483854e-01
1.644578e+00 0. 0. 0. 0. 0. 4.542369e-01 1.307262e-01 0. -2.763742e-01 3.065738e-01 0. 0. 0. 0. 0. -3.063698e-01 -2.577045e-01 0. 1.199290e-01 -3.515489e-01
1.682731e+00 0. 0. 0. 0. 0. 4.310890e-01 1.377782e-01 0. -2.534937e-01 3.167280e-01 0. 0. 0. 0. 0. -2.950470e-01 -2.586498e-01 0. 1.094060e-01 -3.545126e-01
1.720884e+00 0. 0. 0. 0. 0. 4.075957e-01 1.440211e-01 0. -2.309645e-01 3.263911e-01 0. 0. 0. 0. 0. -2.830530e-01 -2.593451e-01 0. 9.867016e-02 -3.572559e-01
1.759036e+00 0. 0. 0. 0. 0. 3.837888e-01 1.494849e-01 0. -2.087915e-01 3.355801e-01 0. 0. 0. 0. 0. -2.704273e-01 -2.597249e-01 0. 8.776037e-02 -3.597573e-01
1.797189e+00 0. 0. 0. 0. 0. 3.600059e-01 1.541881e-01 0. -1.872239e-01 3.440961e-01 0. 0. 0. 0. 0. -2.572800e-01 -2.598022e-01 0. 7.677678e-02 -3.619666e-01
1.835341e+00 0. 0. 0. 0. 0. 3.362641e-01 1.581777e-01 0. -1.662056e-01 3.520271e-01 0. 0. 0. 0. 0. -2.436543e-01 -2.595798e-01 0. 6.572675e-02 -3.639065e-01
1.873494e+00 0. 0. 0. 0. 0. 3.127069e-01 1.615804e-01 0. -1.458531e-01 3.593429e-01 0. 0. 0. 0. 0. -2.295866e-01 -2.591336e-01 0. 5.464142e-02 -3.655978e-01
1.911647e+00 0. 0. 0. 0. 0. 2.894934e-01 1.643639e-01 0. -1.262571e-01 3.659434e-01 0. 0. 0. 0. 0. -2.151770e-01 -2.584090e-01 0. 4.360554e-02 -3.669832e-01
1.949799e+00 0. 0. 0. 0. 0. 2.666813e-01 1.665672e-01 0. -1.073966e-01 3.718721e-01 0. 0. 0. 0. 0. -2.004745e-01 -2.573969e-01 0. 3.263268e-02 -3.680718e-01
1.987952e+00 0. 0. 0. 0. 0. 2.443350e-01 1.682561e-01 0. -8.933120e-02 3.770983e-01 0. 0. 0. 0. 0. -1.855477e-01 -2.561550e-01 0. 2.178320e-02 -3.688553e-01
2.026104e+00 0. 0. 0. 0. 0. 2.225370e-01 1.694914e-01 0. -7.204337e-02 3.816750e-01 0. 0. 0. 0. 0. -1.704357e-01 -2.546879e-01 0. 1.105305e-02 -3.693572e-01
2.064257e+00 0. 0. 0. 0. 0. 2.013384e-01 1.702775e-01 0. -5.560718e-02 3.855286e-01 0. 0. 0. 0. 0. -1.552127e-01 -2.530001e-01 0. 5.209328e-04 -3.695403e-01
2.102410e+00 0. 0. 0. 0. 0. 1.807879e-01 1.706331e-01 0. -3.998478e-02 3.887103e-01 0. 0. 0. 0. 0. -1.399201e-01 -2.510672e-01 0. -9.814405e-03 -3.694195e-01
2.140562e+00 0. 0. 0. 0. 0. 1.609030e-01 1.706205e-01 0. -2.516670e-02 3.912397e-01 0. 0. 0. 0. 0. -1.246191e-01 -2.489371e-01 0. -1.991415e-02 -3.689917e-01
2.178715e+00 0. 0. 0. 0. 0. 1.417296e-01 1.702974e-01 0. -1.118833e-02 3.931217e-01 0. 0. 0. 0. 0. -1.093400e-01 -2.466472e-01 0. -2.976065e-02 -3.682744e-01
2.216867e+00 0. 0. 0. 0. 0. 1.232420e-01 1.696441e-01 0. 2.031499e-03 3.944103e-01 0. 0. 0. 0. 0. -9.412679e-02 -2.441469e-01 0. -3.934748e-02 -3.672638e-01
2.255020e+00 0. 0. 0. 0. 0. 1.055069e-01 1.686857e-01 0. 1.440377e-02 3.950321e-01 0. 0. 0. 0. 0. -7.905537e-02 -2.414664e-01 0. -4.859623e-02 -3.659296e-01
2.293173e+00 0. 0. 0. 0. 0. 8.846995e-02 1.674934e-01 0. 2.607005e-02 3.951492e-01 0. 0. 0. 0. 0. -6.411265e-02 -2.386409e-01 0. -5.757708e-02 -3.643435e-01
2.331325e+00 0. 0. 0. 0. 0. 7.217796e-02 1.660774e-01 0. 3.696329e-02 3.946906e-01 0. 0. 0. 0. 0. -4.937967e-02 -2.356770e-01 0. -6.621038e-02 -3.624626e-01
2.369478e+00 0. 0. 0. 0. 0. 5.659389e-02 1.644281e-01 0. 4.715097e-02 3.937115e-01 0. 0. 0. 0. 0. -3.487626e-02 -2.325438e-01 0. -7.450172e-02 -3.602978e-01
2.407631e+00 0. 0. 0. 0. 0. 4.173333e-02 1.626118e-01 0. 5.663095e-02 3.922511e-01 0. 0. 0. 0. 0. -2.061499e-02 -2.293131e-01 0. -8.246052e-02 -3.578880e-01
2.445783e+00 0. 0. 0. 0. 0. 2.762702e-02 1.605871e-01 0. 6.539149e-02 3.902654e-01 0. 0. 0. 0. 0. -6.673528e-03 -2.259280e-01 0. -9.002635e-02 -3.551877e-01
2.483936e+00 0. 0. 0. 0. 0. 1.417725e-02 1.584534e-01 0. 7.354749e-02 3.878968e-01 0. 0. 0. 0. 0. 6.982727e-03 -2.224650e-01 0. -9.726165e-02 -3.522685e-01
2.522088e+00 0. 0. 0. 0. 0. 1.405545e-03 1.561791e-01 0. 8.108888e-02 3.851191e-01 0. 0. 0. 0. 0. 2.030022e-02 -2.188951e-01 0. -1.041312e-01 -3.491098e-01
2.560241e+00 0. 0. 0. 0. 0. -1.065567e-02 1.537638e-01 0. 8.798184e-02 3.818989e-01 0. 0. 0. 0. 0. 3.322093e-02 -2.152155e-01 0. -1.105858e-01 -3.456903e-01
2.598394e+00 0. 0. 0. 0. 0. -2.210435e-02 1.512658e-01 0. 9.434581e-02 3.783770e-01 0. 0. 0. 0. 0. 4.580388e-02 -2.114801e-01 0. -1.167138e-01 -3.420910e-01
2.636546e+00 0. 0. 0. 0. 0. -3.289041e-02 1.486762e-01 0. 1.001295e-01 3.744906e-01 0. 0. 0. 0. 0. 5.796999e-02 -2.076704e-01 0. -1.224433e-01 -3.382681e-01
2.674699e+00 0. 0. 0. 0. 0. -4.307719e-02 1.460148e-01 0. 1.054168e-01 3.703135e-01 0. 0. 0. 0. 0. 6.972625e-02 -2.037924e-01 0. -1.278076e-01 -3.342506e-01
2.712851e+00 0. 0. 0. 0. 0. -5.264649e-02 1.432966e-01 0. 1.101859e-01 3.658462e-01 0. 0. 0. 0. 0. 8.105915e-02 -1.998755e-01 0. -1.327998e-01 -3.300534e-01
2.751004e+00 0. 0. 0. 0. 0. -6.163529e-02 1.405120e-01 0. 1.144847e-01 3.611163e-01 0. 0. 0. 0. 0. 9.195299e-02 -1.958998e-01 0. -1.374241e-01 -3.256784e-01
2.789157e+00 0. 0. 0. 0. 0. -7.003203e-02 1.376751e-01 0. 1.183041e-01 3.561241e-01 0. 0. 0. 0. 0. 1.023828e-01 -1.918817e-01 0. -1.416648e-01 -3.211297e-01
2.827309e+00 0. 0. 0. 0. 0. -7.794145e-02 1.348291e-01 0. 1.217539e-01 3.509751e-01 0. 0. 0. 0. 0. 1.123976e-01 -1.878528e-01 0. -1.455900e-01 -3.164601e-01
2.865462e+00 0. 0. 0. 0. 0. -8.528878e-02 1.319478e-01 0. 1.247612e-01 3.455932e-01 0. 0. 0. 0. 0. 1.219197e-01 -1.837899e-01 0. -1.491294e-01 -3.116278e-01
2.903614e+00 0. 0. 0. 0. 0. -9.213219e-02 1.290412e-01 0. 1.273865e-01 3.400408e-01 0. 0. 0. 0. 0. 1.309831e-01 -1.797061e-01 0. -1.523274e-01 -3.066708e-01
2.941767e+00 0. 0. 0. 0. 0. -9.849615e-02 1.261382e-01 0. 1.296591e-01 3.343455e-01 0. 0. 0. 0. 0. 1.395821e-01 -1.756264e-01 0. -1.551923e-01 -3.016020e-01
2.979920e+00 0. 0. 0. 0. 0. -1.043965e-01 1.232168e-01 0. 1.315911e-01 3.285202e-01 0. 0. 0. 0. 0. 1.477288e-01 -1.715366e-01 0. -1.577389e-01 -2.964356e-01
3.018072e+00 0. 0. 0. 0. 0. -1.098208e-01 1.202998e-01 0. 1.331807e-01 3.225525e-01 0. 0. 0. 0. 0. 1.553738e-01 -1.674459e-01 0. -1.599352e-01 -2.911547e-01
3.056225e+00 0. 0. 0. 0. 0. -1.148459e-01 1.174006e-01 0. 1.344972e-01 3.165189e-01 0. 0. 0. 0. 0. 1.625888e-01 -1.633738e-01 0. -1.618518e-01 -2.858127e-01
3.094378e+00 0. 0. 0. 0. 0. -1.194233e-01 1.145157e-01 0. 1.354996e-01 3.103749e-01 0. 0. 0. 0. 0. 1.693122e-01 -1.593179e-01 0. -1.634410e-01 -2.803829e-01
3.132530e+00 0. 0. 0. 0. 0. -1.235988e-01 1.116293e-01 0. 1.362280e-01 3.041543e-01 0. 0. 0. 0. 0. 1.755748e-01 -1.552675e-01 0. -1.647348e-01 -2.748873e-01
3.170683e+00 0. 0. 0. 0. 0. -1.274199e-01 1.087840e-01 0. 1.367309e-01 2.979073e-01 0. 0. 0. 0. 0. 1.814040e-01 -1.512615e-01 0. -1.657679e-01 -2.693555e-01
3.208835e+00 0. 0. 0. 0. 0. -1.308670e-01 1.059464e-01 0. 1.369871e-01 2.916018e-01 0. 0. 0. 0. 0. 1.867695e-01 -1.472660e-01 0. -1.665145e-01 -2.637683e-01
3.246988e+00 0. 0. 0. 0. 0. -1.339497e-01 1.031479e-01 0. 1.370111e-01 2.852622e-01 0. 0. 0. 0. 0. 1.916863e-01 -1.433132e-01 0. -1.669939e-01 -2.581472e-01
3.285141e+00 0. 0. 0. 0. 0. -1.366899e-01 1.003810e-01 0. 1.368221e-01 2.788976e-01 0. 0. 0. 0. 0. 1.961540e-01 -1.393983e-01 0. -1.672115e-01 -2.524947e-01
3.323293e+00 0. 0. 0. 0. 0. -1.391659e-01 9.765488e-02 0. 1.364864e-01 2.725692e-01 0. 0. 0. 0. 0. 2.002430e-01 -1.355310e-01 0. -1.672304e-01 -2.468520e-01
3.361446e+00 0. 0. 0. 0. 0. -1.412676e-01 9.493892e-02 0. 1.359109e-01 2.661865e-01 0. 0. 0. 0. 0. 2.038552e-01 -1.316863e-01 0. -1.669674e-01 -2.411682e-01
3.399598e+00 0. 0. 0. 0. 0. -1.431414e-01 9.227818e-02 0. 1.352214e-01 2.598672e-01 0. 0. 0. 0. 0. 2.071112e-01 -1.279037e-01 0. -1.665307e-01 -2.355133e-01
3.437751e+00 0. 0. 0. 0. 0. -1.447129e-01 8.966437e-02 0. 1.343571e-01 2.535551e-01 0. 0. 0. 0. 0. 2.099488e-01 -1.241768e-01 0. -1.658692e-01 -2.298582e-01
3.475904e+00 0. 0. 0. 0. 0. -1.460099e-01 8.708582e-02 0. 1.333391e-01 2.472616e-01 0. 0. 0. 0. 0. 2.123833e-01 -1.204946e-01 0. -1.649976e-01 -2.242095e-01
3.514056e+00 0. 0. 0. 0. 0. -1.470694e-01 8.454193e-02 0. 1.321979e-01 2.410150e-01 0. 0. 0. 0. 0. 2.144553e-01 -1.168640e-01 0. -1.639504e-01 -2.185895e-01
3.552209e+00 0. 0. 0. 0. 0. -1.479013e-01 8.205517e-02 0. 1.309438e-01 2.348236e-01 0. 0. 0. 0. 0. 2.161672e-01 -1.132999e-01 0. -1.627322e-01 -2.130026e-01
3.590361e+00 0. 0. 0. 0. 0. -1.484878e-01 7.960583e-02 0. 1.295617e-01 2.286713e-01 0. 0. 0. 0. 0. 2.175104e-01 -1.097916e-01 0. -1.613353e-01 -2.074437e-01
3.628514e+00 0. 0. 0. 0. 0. -1.488774e-01 7.720519e-02 0. 1.280897e-01 2.225895e-01 0. 0. 0. 0. 0. 2.185288e-01 -1.063454e-01 0. -1.597962e-01 -2.019334e-01
3.666667e+00 0. 0. 0. 0. 0. -1.490546e-01 7.485409e-02 0. 1.265169e-01 2.165642e-01 0. 0. 0. 0. 0. 2.192029e-01 -1.029608e-01 0. -1.580997e-01 -1.964627e-01
3.704819e+00 0. 0. 0. 0. 0. -1.490696e-01 7.255335e-02 0. 1.248816e-01 2.106298e-01 0. 0. 0. 0. 0. 2.195895e-01 -9.964621e-02 0. -1.562912e-01 -1.910577e-01
3.742972e+00 0. 0. 0. 0. 0. -1.488549e-01 7.028824e-02 0. 1.231305e-01 2.047364e-01 0. 0. 0. 0. 0. 2.196321e-01 -9.638644e-02 0. -1.543241e-01 -1.856907e-01
3.781124e+00 0. 0. 0. 0. 0. -1.484922e-01 6.808135e-02 0. 1.213283e-01 1.989393e-01 0. 0. 0. 0. 0. 2.194038e-01 -9.320076e-02 0. -1.522570e-01 -1.803952e-01
3.819277e+00 0. 0. 0. 0. 0. -1.479866e-01 6.592409e-02 0. 1.194776e-01 1.932352e-01 0. 0. 0. 0. 0. 2.189096e-01 -9.008371e-02 0. -1.500930e-01 -1.751705e-01
3.857430e+00 0. 0. 0. 0. 0. -1.473047e-01 6.380864e-02 0. 1.175519e-01 1.876013e-01 0. 0. 0. 0. 0. 2.181314e-01 -8.702859e-02 0. -1.478160e-01 -1.700068e-01
3.895582e+00 0. 0. 0. 0. 0. -1.464847e-01 6.174337e-02 0. 1.155803e-01 1.820598e-01 0. 0. 0. 0. 0. 2.171038e-01 -8.404395e-02 0. -1.454526e-01 -1.649181e-01
3.933735e+00 0. 0. 0. 0. 0. -1.455714e-01 5.973274e-02 0. 1.135960e-01 1.766352e-01 0. 0. 0. 0. 0. 2.158698e-01 -8.113326e-02 0. -1.430341e-01 -1.599198e-01
3.971888e+00 0. 0. 0. 0. 0. -1.444865e-01 5.776753e-02 0. 1.115404e-01 1.712774e-01 0. 0. 0. 0. 0. 2.143687e-01 -7.828716e-02 0. -1.405124e-01 -1.549845e-01
4.010040e+00 0. 0. 0. 0. 0. -1.433088e-01 5.584501e-02 0. 1.094695e-01 1.660299e-01 0. 0. 0. 0. 0. 2.126772e-01 -7.550948e-02 0. -1.379442e-01 -1.501408e-01
4.048193e+00 0. 0. 0. 0. 0. -1.420001e-01 5.396847e-02 0. 1.073563e-01 1.608676e-01 0. 0. 0. 0. 0. 2.107643e-01 -7.279698e-02 0. -1.353041e-01 -1.453733e-01
4.086345e+00 0. 0. 0. 0. 0. -1.406347e-01 5.215236e-02 0. 1.052547e-01 1.558338e-01 0. 0. 0. 0. 0. 2.086992e-01 -7.016515e-02 0. -1.326429e-01 -1.407090e-01
4.124498e+00 0. 0. 0. 0. 0. -1.391308e-01 5.037592e-02 0. 1.031038e-01 1.508759e-01 0. 0. 0. 0. 0. 2.064217e-01 -6.759573e-02 0. -1.299130e-01 -1.361192e-01
4.162651e+00 0. 0. 0. 0. 0. -1.375457e-01 4.864119e-02 0. 1.009438e-01 1.460233e-01 0. 0. 0. 0. 0. 2.039856e-01 -6.509188e-02 0. -1.271523e-01 -1.316220e-01
4.200803e+00 0. 0. 0. 0. 0. -1.359081e-01 4.696273e-02 0. 9.879551e-02 1.412908e-01 0. 0. 0. 0. 0. 2.014166e-01 -6.266369e-02 0. -1.243783e-01 -1.272255e-01
4.238956e+00 0. 0. 0. 0. 0. -1.341849e-01 4.532572e-02 0. 9.663383e-02 1.366551e-01 0. 0. 0. 0. 0. 1.986960e-01 -6.029976e-02 0. -1.215746e-01 -1.229181e-01
4.277108e+00 0. 0. 0. 0. 0. -1.323946e-01 4.372911e-02 0. 9.447031e-02 1.321232e-01 0. 0. 0. 0. 0. 1.958469e-01 -5.799947e-02 0. -1.187553e-01 -1.187050e-01
4.315261e+00 0. 0. 0. 0. 0. -1.305449e-01 4.217879e-02 0. 9.231046e-02 1.276983e-01 0. 0. 0. 0. 0. 1.928808e-01 -5.576838e-02 0. -1.159270e-01 -1.145885e-01
4.353414e+00 0. 0. 0. 0. 0. -1.286178e-01 4.067395e-02 0. 9.014154e-02 1.233670e-01 0. 0. 0. 0. 0. 1.897860e-01 -5.360163e-02 0. -1.130795e-01 -1.105605e-01
4.391566e+00 0. 0. 0. 0. 0. -1.266842e-01 3.921691e-02 0. 8.801107e-02 1.191640e-01 0. 0. 0. 0. 0. 1.866294e-01 -5.150567e-02 0. -1.102573e-01 -1.066421e-01
4.429719e+00 0. 0. 0. 0. 0. -1.246738e-01 3.779545e-02 0. 8.586920e-02 1.150482e-01 0. 0. 0. 0. 0. 1.833595e-01 -4.946804e-02 0. -1.074219e-01 -1.028105e-01
4.467871e+00 0. 0. 0. 0. 0. -1.226189e-01 3.641276e-02 0. 8.373703e-02 1.110339e-01 0. 0. 0. 0. 0. 1.800095e-01 -4.749141e-02 0. -1.045941e-01 -9.907452e-02
4.506024e+00 0. 0. 0. 0. 0. -1.205475e-01 3.508046e-02 0. 8.163464e-02 1.071336e-01 0. 0. 0. 0. 0. 1.766020e-01 -4.558321e-02 0. -1.017881e-01 -9.543950e-02
4.544177e+00 0. 0. 0. 0. 0. -1.184413e-01 3.377866e-02 0. 7.954570e-02 1.033324e-01 0. 0. 0. 0. 0. 1.731354e-01 -4.372970e-02 0. -9.899923e-02 -9.189962e-02
4.582329e+00 0. 0. 0. 0. 0. -1.163035e-01 3.252319e-02 0. 7.747432e-02 9.963170e-02 0. 0. 0. 0. 0. 1.696100e-01 -4.194051e-02 0. -9.622682e-02 -8.845361e-02
4.620482e+00 0. 0. 0. 0. 0. -1.141471e-01 3.130204e-02 0. 7.542630e-02 9.603301e-02 0. 0. 0. 0. 0. 1.660461e-01 -4.020818e-02 0. -9.348163e-02 -8.510363e-02
4.658635e+00 0. 0. 0. 0. 0. -1.119779e-01 3.012345e-02 0. 7.340578e-02 9.253683e-02 0. 0. 0. 0. 0. 1.624485e-01 -3.853622e-02 0. -9.076532e-02 -8.184859e-02
4.696787e+00 0. 0. 0. 0. 0. -1.097671e-01 2.897656e-02 0. 7.139198e-02 8.912628e-02 0. 0. 0. 0. 0. 1.588041e-01 -3.691652e-02 0. -8.806636e-02 -7.868026e-02
4.734940e+00 0. 0. 0. 0. 0. -1.075813e-01 2.786678e-02 0. 6.942758e-02 8.582988e-02 0. 0. 0. 0. 0. 1.551692e-01 -3.535484e-02 0. -8.542012e-02 -7.561398e-02
4.773092e+00 0. 0. 0. 0. 0. -1.053544e-01 2.679198e-02 0. 6.746920e-02 8.261400e-02 0. 0. 0. 0. 0. 1.514934e-01 -3.384552e-02 0. -8.279156e-02 -7.263024e-02
4.811245e+00 0. 0. 0. 0. 0. -1.031557e-01 2.575385e-02 0. 6.556047e-02 7.950775e-02 0. 0. 0. 0. 0. 1.478373e-01 -3.239124e-02 0. -8.021800e-02 -6.974506e-02
4.849398e+00 0. 0. 0. 0. 0. -1.009405e-01 2.475125e-02 0. 6.367200e-02 7.648799e-02 0. 0. 0. 0. 0. 1.441673e-01 -3.098941e-02 0. -7.767587e-02 -6.694490e-02
4.887550e+00 0. 0. 0. 0. 0. -9.871988e-02 2.377780e-02 0. 6.180914e-02 7.355661e-02 0. 0. 0. 0. 0. 1.405002e-01 -2.963583e-02 0. -7.517364e-02 -6.423141e-02
4.925703e+00 0. 0. 0. 0. 0. -9.649798e-02 2.283504e-02 0. 5.997418e-02 7.071303e-02 0. 0. 0. 0. 0. 1.368407e-01 -2.833093e-02 0. -7.271266e-02 -6.160321e-02
4.963855e+00 0. 0. 0. 0. 0. -9.430434e-02 2.192834e-02 0. 5.818512e-02 6.796730e-02 0. 0. 0. 0. 0. 1.332127e-01 -2.707658e-02 0. -7.030641e-02 -5.906463e-02
5.002008e+00 0. 0. 0. 0. 0. -9.210648e-02 2.105063e-02 0. 5.642033e-02 6.530258e-02 0. 0. 0. 0. 0. 1.295958e-01 -2.586804e-02 0. -6.794007e-02 -5.660643e-02
5.040161e+00 0. 0. 0. 0. 0. -8.992851e-02 2.020305e-02 0. 5.469387e-02 6.272651e-02 0. 0. 0. 0. 0. 1.260116e-01 -2.470553e-02 0. -6.562535e-02 -5.423211e-02
5.078313e+00 0. 0. 0. 0. 0. -8.774694e-02 1.938232e-02 0. 5.299029e-02 6.022658e-02 0. 0. 0. 0. 0. 1.224455e-01 -2.358575e-02 0. -6.335136e-02 -5.193447e-02
5.116466e+00 0. 0. 0. 0. 0. -8.559204e-02 1.859051e-02 0. 5.132748e-02 5.781290e-02 0. 0. 0. 0. 0. 1.189225e-01 -2.250941e-02 0. -6.113209e-02 -4.971803e-02
5.154618e+00 0. 0. 0. 0. 0. -8.345352e-02 1.782954e-02 0. 4.969872e-02 5.547905e-02 0. 0. 0. 0. 0. 1.154352e-01 -2.147673e-02 0. -5.896136e-02 -4.757826e-02
5.192771e+00 0. 0. 0. 0. 0. -8.133817e-02 1.709315e-02 0. 4.810672e-02 5.322462e-02 0. 0. 0. 0. 0. 1.119934e-01 -2.048347e-02 0. -5.684344e-02 -4.551471e-02
5.230924e+00 0. 0. 0. 0. 0. -7.923546e-02 1.638085e-02 0. 4.654394e-02 5.104335e-02 0. 0. 0. 0. 0. 1.085923e-01 -1.952864e-02 0. -5.477361e-02 -4.352363e-02
5.269076e+00 0. 0. 0. 0. 0. -7.716019e-02 1.569808e-02 0. 4.501965e-02 4.893916e-02 0. 0. 0. 0. 0. 1.052404e-01 -1.861441e-02 0. -5.275613e-02 -4.160526e-02
5.307229e+00 0. 0. 0. 0. 0. -7.510593e-02 1.504002e-02 0. 4.352851e-02 4.690658e-02 0. 0. 0. 0. 0. 1.019369e-01 -1.773691e-02 0. -5.078880e-02 -3.975651e-02
5.345382e+00 0. 0. 0. 0. 0. -7.307937e-02 1.440218e-02 0. 4.207302e-02 4.494581e-02 0. 0. 0. 0. 0. 9.869097e-02 -1.689361e-02 0. -4.887536e-02 -3.797726e-02
5.383534e+00 0. 0. 0. 0. 0. -7.106946e-02 1.378776e-02 0. 4.064672e-02 4.305086e-02 0. 0. 0. 0. 0. 9.549274e-02 -1.608507e-02 0. -4.700897e-02 -3.626287e-02
5.421687e+00 0. 0. 0. 0. 0. -6.909640e-02 1.319872e-02 0. 3.926092e-02 4.122698e-02 0. 0. 0. 0. 0. 9.235672e-02 -1.531145e-02 0. -4.519705e-02 -3.461494e-02
5.459839e+00 0. 0. 0. 0. 0. -6.715635e-02 1.263207e-02 0. 3.791223e-02 3.947051e-02 0. 0. 0. 0. 0. 8.928249e-02 -1.457074e-02 0. -4.343794e-02 -3.303107e-02
5.497992e+00 0. 0. 0. 0. 0. -6.523942e-02 1.208446e-02 0. 3.659380e-02 3.777562e-02 0. 0. 0. 0. 0. 8.626556e-02 -1.386041e-02 0. -4.172763e-02 -3.150782e-02
5.536145e+00 0. 0. 0. 0. 0. -6.334329e-02 1.155728e-02 0. 3.530401e-02 3.613972e-02 0. 0. 0. 0. 0. 8.330363e-02 -1.318014e-02 0. -4.006377e-02 -3.004264e-02
5.574297e+00 0. 0. 0. 0. 0. -6.149704e-02 1.105263e-02 0. 3.405911e-02 3.457109e-02 0. 0. 0. 0. 0. 8.041620e-02 -1.253080e-02 0. -3.845672e-02 -2.863859e-02
5.612450e+00 0. 0. 0. 0. 0. -5.965815e-02 1.056410e-02 0. 3.283337e-02 3.305280e-02 0. 0. 0. 0. 0. 7.757795e-02 -1.190758e-02 0. -3.689036e-02 -2.728706e-02
5.650602e+00 0. 0. 0. 0. 0. -5.786857e-02 1.009771e-02 0. 3.165080e-02 3.159767e-02 0. 0. 0. 0. 0. 7.481379e-02 -1.131367e-02 0. -3.537851e-02 -2.599274e-02
5.688755e+00 0. 0. 0. 0. 0. -5.610312e-02 9.646586e-03 0. 3.049579e-02 3.019503e-02 0. 0. 0. 0. 0. 7.211089e-02 -1.074444e-02 0. -3.391234e-02 -2.475025e-02
5.726908e+00 0. 0. 0. 0. 0. -5.437479e-02 9.213824e-03 0. 2.937531e-02 2.884761e-02 0. 0. 0. 0. 0. 6.947581e-02 -1.020124e-02 0. -3.249494e-02 -2.355971e-02
5.765060e+00 0. 0. 0. 0. 0. -5.268342e-02 8.799533e-03 0. 2.828887e-02 2.755359e-02 0. 0. 0. 0. 0. 6.690797e-02 -9.682875e-03 0. -3.112505e-02 -2.241918e-02
5.803213e+00 0. 0. 0. 0. 0. -5.102219e-02 8.401311e-03 0. 2.723174e-02 2.630896e-02 0. 0. 0. 0. 0. 6.440401e-02 -9.187794e-03 0. -2.979981e-02 -2.132619e-02
5.841365e+00 0. 0. 0. 0. 0. -4.939197e-02 8.018585e-03 0. 2.620372e-02 2.511230e-02 0. 0. 0. 0. 0. 6.196421e-02 -8.715158e-03 0. -2.851864e-02 -2.027920e-02
5.879518e+00 0. 0. 0. 0. 0. -4.780134e-02 7.651808e-03 0. 2.520932e-02 2.396495e-02 0. 0. 0. 0. 0. 5.959312e-02 -8.264643e-03 0. -2.728331e-02 -1.927782e-02
5.917671e+00 0. 0. 0. 0. 0. -4.624000e-02 7.298307e-03 0. 2.424187e-02 2.286187e-02 0. 0. 0. 0. 0. 5.728528e-02 -7.834091e-03 0. -2.608988e-02 -1.831912e-02
5.955823e+00 0. 0. 0. 0. 0. -4.472158e-02 6.961617e-03 0. 2.330878e-02 2.180598e-02 0. 0. 0. 0. 0. 5.504666e-02 -7.424878e-03 0. -2.494119e-02 -1.740330e-02
5.993976e+00 0. 0. 0. 0. 0. -4.322258e-02 6.636209e-03 0. 2.239611e-02 2.078841e-02 0. 0. 0. 0. 0. 5.286497e-02 -7.033561e-03 0. -2.382949e-02 -1.652594e-02
6.032129e+00 0. 0. 0. 0. 0. -4.177311e-02 6.326561e-03 0. 2.152036e-02 1.981711e-02 0. 0. 0. 0. 0. 5.075547e-02 -6.661993e-03 0. -2.276280e-02 -1.568938e-02
6.070281e+00 0. 0. 0. 0. 0. -4.035067e-02 6.028719e-03 0. 2.066834e-02 1.888372e-02 0. 0. 0. 0. 0. 4.870559e-02 -6.307661e-03 0. -2.173346e-02 -1.488939e-02
6.108434e+00 0. 0. 0. 0. 0. -3.896171e-02 5.742012e-03 0. 1.984298e-02 1.798890e-02 0. 0. 0. 0. 0. 4.671927e-02 -5.969626e-03 0. -2.074294e-02 -1.412558e-02
6.146586e+00 0. 0. 0. 0. 0. -3.761166e-02 5.469794e-03 0. 1.904727e-02 1.713311e-02 0. 0. 0. 0. 0. 4.479660e-02 -5.649067e-03 0. -1.979097e-02 -1.339699e-02
6.184739e+00 0. 0. 0. 0. 0. -3.629086e-02 5.207858e-03 0. 1.827504e-02 1.631207e-02 0. 0. 0. 0. 0. 4.293318e-02 -5.343472e-03 0. -1.887447e-02 -1.270134e-02
6.222892e+00 0. 0. 0. 0. 0. -3.500580e-02 4.957725e-03 0. 1.752966e-02 1.552657e-02 0. 0. 0. 0. 0. 4.113103e-02 -5.053257e-03 0. -1.799414e-02 -1.203811e-02
6.261044e+00 0. 0. 0. 0. 0. -3.374918e-02 4.717834e-03 0. 1.680650e-02 1.477329e-02 0. 0. 0. 0. 0. 3.938581e-02 -4.777147e-03 0. -1.714712e-02 -1.140527e-02
6.299197e+00 0. 0. 0. 0. 0. -3.253373e-02 4.488664e-03 0. 1.611218e-02 1.405473e-02 0. 0. 0. 0. 0. 3.770334e-02 -4.514823e-03 0. -1.633612e-02 -1.080303e-02
6.337349e+00 0. 0. 0. 0. 0. -3.134701e-02 4.269797e-03 0. 1.543961e-02 1.336631e-02 0. 0. 0. 0. 0. 3.607561e-02 -4.265720e-03 0. -1.555646e-02 -1.022880e-02
6.375502e+00 0. 0. 0. 0. 0. -3.019388e-02 4.060048e-03 0. 1.479084e-02 1.270825e-02 0. 0. 0. 0. 0. 3.450518e-02 -4.029088e-03 0. -1.480907e-02 -9.682163e-03
6.413655e+00 0. 0. 0. 0. 0. -2.906879e-02 3.859303e-03 0. 1.416273e-02 1.207810e-02 0. 0. 0. 0. 0. 3.298760e-02 -3.804209e-03 0. -1.409126e-02 -9.161310e-03
6.451807e+00 0. 0. 0. 0. 0. -2.798493e-02 3.668215e-03 0. 1.356178e-02 1.147842e-02 0. 0. 0. 0. 0. 3.152901e-02 -3.591215e-03 0. -1.340591e-02 -8.666699e-03
6.489960e+00 0. 0. 0. 0. 0. -2.692111e-02 3.484540e-03 0. 1.297649e-02 1.090257e-02 0. 0. 0. 0. 0. 3.011758e-02 -3.388576e-03 0. -1.274644e-02 -8.195057e-03
6.528112e+00 0. 0. 0. 0. 0. -2.589727e-02 3.310454e-03 0. 1.241711e-02 1.035499e-02 0. 0. 0. 0. 0. 2.876199e-02 -3.197017e-03 0. -1.211717e-02 -7.747447e-03
6.566265e+00 0. 0. 0. 0. 0. -2.490106e-02 3.144123e-03 0. 1.187675e-02 9.831477e-03 0. 0. 0. 0. 0. 2.745543e-02 -3.015341e-03 0. -1.151422e-02 -7.321717e-03
6.604418e+00 0. 0. 0. 0. 0. -2.393304e-02 2.984482e-03 0. 1.135533e-02 9.331356e-03 0. 0. 0. 0. 0. 2.619764e-02 -2.842802e-03 0. -1.093713e-02 -6.917086e-03
6.642570e+00 0. 0. 0. 0. 0. -2.299547e-02 2.832587e-03 0. 1.085384e-02 8.854445e-03 0. 0. 0. 0. 0. 2.498795e-02 -2.679530e-03 0. -1.038539e-02 -6.532801e-03
6.680723e+00 0. 0. 0. 0. 0. -2.208834e-02 2.687897e-03 0. 1.037197e-02 8.399914e-03 0. 0. 0. 0. 0. 2.382568e-02 -2.524935e-03 0. -9.858369e-03 -6.168060e-03
6.718876e+00 0. 0. 0. 0. 0. -2.120801e-02 2.549757e-03 0. 9.907523e-03 7.966074e-03 0. 0. 0. 0. 0. 2.270818e-02 -2.378513e-03 0. -9.354501e-03 -5.821741e-03
6.757028e+00 0. 0. 0. 0. 0. -2.035621e-02 2.417932e-03 0. 9.461151e-03 7.552647e-03 0. 0. 0. 0. 0. 2.163509e-02 -2.239902e-03 0. -8.873414e-03 -5.493188e-03
6.795181e+00 0. 0. 0. 0. 0. -1.953322e-02 2.292421e-03 0. 9.032765e-03 7.159034e-03 0. 0. 0. 0. 0. 2.060548e-02 -2.108771e-03 0. -8.414426e-03 -5.181662e-03
6.833333e+00 0. 0. 0. 0. 0. -1.873552e-02 2.172795e-03 0. 8.620284e-03 6.783659e-03 0. 0. 0. 0. 0. 1.961684e-02 -1.984731e-03 0. -7.976103e-03 -4.886161e-03
6.871486e+00 0. 0. 0. 0. 0. -1.796402e-02 2.059158e-03 0. 8.224036e-03 6.426147e-03 0. 0. 0. 0. 0. 1.866837e-02 -1.867549e-03 0. -7.557886e-03 -4.606042e-03
6.909639e+00 0. 0. 0. 0. 0. -1.722055e-02 1.950444e-03 0. 7.844553e-03 6.086267e-03 0. 0. 0. 0. 0. 1.776047e-02 -1.756620e-03 0. -7.159790e-03 -4.340862e-03
6.947791e+00 0. 0. 0. 0. 0. -1.649874e-02 1.847151e-03 0. 7.478569e-03 5.761982e-03 0. 0. 0. 0. 0. 1.688874e-02 -1.651837e-03 0. -6.779490e-03 -4.089379e-03
6.985944e+00 0. 0. 0. 0. 0. -1.580509e-02 1.749099e-03 0. 7.129107e-03 5.454226e-03 0. 0. 0. 0. 0. 1.605530e-02 -1.552976e-03 0. -6.417928e-03 -3.851540e-03
7.024096e+00 0. 0. 0. 0. 0. -1.513167e-02 1.655341e-03 0. 6.791947e-03 5.160604e-03 0. 0. 0. 0. 0. 1.525595e-02 -1.459422e-03 0. -6.072855e-03 -3.626149e-03
7.062249e+00 0. 0. 0. 0. 0. -1.448561e-02 1.566545e-03 0. 6.470521e-03 4.882257e-03 0. 0. 0. 0. 0. 1.449261e-02 -1.371269e-03 0. -5.745154e-03 -3.413178e-03
7.100402e+00 0. 0. 0. 0. 0. -1.386206e-02 1.482102e-03 0. 6.162228e-03 4.617575e-03 0. 0. 0. 0. 0. 1.376229e-02 -1.288033e-03 0. -5.433221e-03 -3.211697e-03
7.138554e+00 0. 0. 0. 0. 0. -1.325752e-02 1.401456e-03 0. 5.865139e-03 4.365281e-03 0. 0. 0. 0. 0. 1.306281e-02 -1.209380e-03 0. -5.135888e-03 -3.020967e-03
7.176707e+00 0. 0. 0. 0. 0. -1.267836e-02 1.325154e-03 0. 5.582267e-03 4.126364e-03 0. 0. 0. 0. 0. 1.239580e-02 -1.135343e-03 0. -4.853889e-03 -2.840946e-03
7.214859e+00 0. 0. 0. 0. 0. -1.211859e-02 1.252622e-03 0. 5.310542e-03 3.899066e-03 0. 0. 0. 0. 0. 1.175775e-02 -1.065485e-03 0. -4.585421e-03 -2.670686e-03
7.253012e+00 0. 0. 0. 0. 0. -1.158130e-02 1.183715e-03 0. 5.051247e-03 3.683611e-03 0. 0. 0. 0. 0. 1.114946e-02 -9.996593e-04 0. -4.330799e-03 -2.510020e-03
7.291165e+00 0. 0. 0. 0. 0. -1.106211e-02 1.118348e-03 0. 4.802220e-03 3.478684e-03 0. 0. 0. 0. 0. 1.056793e-02 -9.376417e-04 0. -4.088514e-03 -2.358148e-03
7.329317e+00 0. 0. 0. 0. 0. -1.056405e-02 1.056293e-03 0. 4.564710e-03 3.284552e-03 0. 0. 0. 0. 0. 1.001378e-02 -8.792211e-04 0. -3.858802e-03 -2.214895e-03
7.367470e+00 0. 0. 0. 0. 0. -1.008550e-02 9.973044e-04 0. 4.337833e-03 3.100482e-03 0. 0. 0. 0. 0. 9.485674e-03 -8.241762e-04 0. -3.640956e-03 -2.079768e-03
7.405622e+00 0. 0. 0. 0. 0. -9.624214e-03 9.415002e-04 0. 4.120415e-03 2.925687e-03 0. 0. 0. 0. 0. 8.981676e-03 -7.724016e-04 0. -3.434010e-03 -1.952206e-03
7.443775e+00 0. 0. 0. 0. 0. -9.181781e-03 8.885500e-04 0. 3.913083e-03 2.760154e-03 0. 0. 0. 0. 0. 8.501845e-03 -7.236740e-04 0. -3.237945e-03 -1.831975e-03
7.481928e+00 0. 0. 0. 0. 0. -8.756029e-03 8.381578e-04 0. 3.714676e-03 2.603118e-03 0. 0. 0. 0. 0. 8.044658e-03 -6.777560e-04 0. -3.051986e-03 -1.718599e-03
7.520080e+00 0. 0. 0. 0. 0. -8.348129e-03 7.906498e-04 0. 3.525684e-03 2.454519e-03 0. 0. 0. 0. 0. 7.609728e-03 -6.346636e-04 0. -2.875933e-03 -1.611815e-03
7.558233e+00 0. 0. 0. 0. 0. -7.955832e-03 7.455689e-04 0. 3.344935e-03 2.313624e-03 0. 0. 0. 0. 0. 7.195518e-03 -5.941175e-04 0. -2.709014e-03 -1.511164e-03
7.596386e+00 0. 0. 0. 0. 0. -7.579264e-03 7.026900e-04 0. 3.172374e-03 2.180180e-03 0. 0. 0. 0. 0. 6.801523e-03 -5.559520e-04 0. -2.550962e-03 -1.416375e-03
7.634538e+00 0. 0. 0. 0. 0. -7.218128e-03 6.622796e-04 0. 3.007806e-03 2.053866e-03 0. 0. 0. 0. 0. 6.426892e-03 -5.201532e-04 0. -2.401364e-03 -1.327140e-03
7.672691e+00 0. 0. 0. 0. 0. -6.872419e-03 6.239925e-04 0. 2.851137e-03 1.934439e-03 0. 0. 0. 0. 0. 6.071028e-03 -4.865094e-04 0. -2.259910e-03 -1.243190e-03
7.710843e+00 0. 0. 0. 0. 0. -6.540666e-03 5.877258e-04 0. 2.701594e-03 1.821374e-03 0. 0. 0. 0. 0. 5.732769e-03 -4.549055e-04 0. -2.126041e-03 -1.164183e-03
7.748996e+00 0. 0. 0. 0. 0. -6.222984e-03 5.534105e-04 0. 2.559166e-03 1.714462e-03 0. 0. 0. 0. 0. 5.411587e-03 -4.252398e-04 0. -1.999499e-03 -1.089885e-03
7.787149e+00 0. 0. 0. 0. 0. -5.919165e-03 5.209639e-04 0. 2.423688e-03 1.613459e-03 0. 0. 0. 0. 0. 5.106821e-03 -3.973970e-04 0. -1.879962e-03 -1.020050e-03
7.825301e+00 0. 0. 0. 0. 0. -5.627877e-03 4.902740e-04 0. 2.294473e-03 1.517903e-03 0. 0. 0. 0. 0. 4.817440e-03 -3.712704e-04 0. -1.766942e-03 -9.543855e-04
7.863454e+00 0. 0. 0. 0. 0. -5.349542e-03 4.612743e-04 0. 2.171665e-03 1.427682e-03 0. 0. 0. 0. 0. 4.543090e-03 -3.467674e-04 0. -1.660267e-03 -8.927093e-04
7.901606e+00 0. 0. 0. 0. 0. -5.083095e-03 4.338808e-04 0. 2.054706e-03 1.342423e-03 0. 0. 0. 0. 0. 4.282837e-03 -3.238011e-04 0. -1.559500e-03 -8.347610e-04
7.939759e+00 0. 0. 0. 0. 0. -4.827687e-03 4.079455e-04 0. 1.943166e-03 1.261789e-03 0. 0. 0. 0. 0. 4.035924e-03 -3.022434e-04 0. -1.464288e-03 -7.803109e-04
7.977912e+00 0. 0. 0. 0. 0. -4.584885e-03 3.835331e-04 0. 1.837694e-03 1.185900e-03 0. 0. 0. 0. 0. 3.802479e-03 -2.820797e-04 0. -1.374687e-03 -7.292747e-04
8.016064e+00 0. 0. 0. 0. 0. -4.351845e-03 3.604296e-04 0. 1.736963e-03 1.114091e-03 0. 0. 0. 0. 0. 3.580953e-03 -2.631640e-04 0. -1.289986e-03 -6.813186e-04
8.054217e+00 0. 0. 0. 0. 0. -4.129682e-03 3.386356e-04 0. 1.641422e-03 1.046411e-03 0. 0. 0. 0. 0. 3.371383e-03 -2.454561e-04 0. -1.210200e-03 -6.363549e-04
8.092369e+00 0. 0. 0. 0. 0. -3.917330e-03 3.180948e-04 0. 1.550555e-03 9.825270e-04 0. 0. 0. 0. 0. 3.172956e-03 -2.288833e-04 0. -1.134964e-03 -5.941750e-04
8.130522e+00 0. 0. 0. 0. 0. -3.714871e-03 2.987120e-04 0. 1.464360e-03 9.223258e-04 0. 0. 0. 0. 0. 2.985276e-03 -2.133661e-04 0. -1.064097e-03 -5.546365e-04
8.168675e+00 0. 0. 0. 0. 0. -3.521692e-03 2.803848e-04 0. 1.382510e-03 8.655673e-04 0. 0. 0. 0. 0. 2.807822e-03 -1.988356e-04 0. -9.973646e-04 -5.175848e-04
8.206827e+00 0. 0. 0. 0. 0. -3.337783e-03 2.631680e-04 0. 1.304985e-03 8.121341e-04 0. 0. 0. 0. 0. 2.640149e-03 -1.852620e-04 0. -9.345721e-04 -4.828834e-04
8.244980e+00 0. 0. 0. 0. 0. -3.161905e-03 2.469080e-04 0. 1.231192e-03 7.616988e-04 0. 0. 0. 0. 0. 2.481488e-03 -1.725542e-04 0. -8.753784e-04 -4.503502e-04
8.283133e+00 0. 0. 0. 0. 0. -2.994799e-03 2.316027e-04 0. 1.161431e-03 7.142781e-04 0. 0. 0. 0. 0. 2.331787e-03 -1.606816e-04 0. -8.197631e-04 -4.199133e-04
8.321285e+00 0. 0. 0. 0. 0. -2.835417e-03 2.172030e-04 0. 1.095210e-03 6.695954e-04 0. 0. 0. 0. 0. 2.190336e-03 -1.495881e-04 0. -7.674158e-04 -3.914109e-04
8.359438e+00 0. 0. 0. 0. 0. -2.683619e-03 2.036169e-04 0. 1.032440e-03 6.275318e-04 0. 0. 0. 0. 0. 2.056796e-03 -1.392165e-04 0. -7.181887e-04 -3.647372e-04
8.397590e+00 0. 0. 0. 0. 0. -2.539031e-03 1.908225e-04 0. 9.729300e-04 5.879317e-04 0. 0. 0. 0. 0. 1.930764e-03 -1.295270e-04 0. -6.719102e-04 -3.397819e-04
8.435743e+00 0. 0. 0. 0. 0. -2.401398e-03 1.787881e-04 0. 9.165515e-04 5.506721e-04 0. 0. 0. 0. 0. 1.811836e-03 -1.204779e-04 0. -6.284069e-04 -3.164384e-04
8.473896e+00 0. 0. 0. 0. 0. -2.270957e-03 1.674951e-04 0. 8.633789e-04 5.157062e-04 0. 0. 0. 0. 0. 1.699857e-03 -1.120421e-04 0. -5.876146e-04 -2.946370e-04
8.512048e+00 0. 0. 0. 0. 0. -2.146268e-03 1.568111e-04 0. 8.127668e-04 4.827249e-04 0. 0. 0. 0. 0. 1.594095e-03 -1.041499e-04 0. -5.492187e-04 -2.742318e-04
8.550201e+00 0. 0. 0. 0. 0. -2.028215e-03 1.468253e-04 0. 7.650864e-04 4.518017e-04 0. 0. 0. 0. 0. 1.494559e-03 -9.680321e-05 0. -5.132310e-04 -2.551847e-04
8.588353e+00 0. 0. 0. 0. 0. -1.915948e-03 1.374115e-04 0. 7.199435e-04 4.227269e-04 0. 0. 0. 0. 0. 1.400791e-03 -8.994361e-05 0. -4.794551e-04 -2.373916e-04
8.626506e+00 0. 0. 0. 0. 0. -1.809210e-03 1.285574e-04 0. 6.772164e-04 3.954000e-04 0. 0. 0. 0. 0. 1.312453e-03 -8.354491e-05 0. -4.477512e-04 -2.207717e-04
8.664659e+00 0. 0. 0. 0. 0. -1.708002e-03 1.202615e-04 0. 6.368899e-04 3.697582e-04 0. 0. 0. 0. 0. 1.229341e-03 -7.758681e-05 0. -4.180367e-04 -2.052622e-04
8.702811e+00 0. 0. 0. 0. 0. -1.611846e-03 1.124684e-04 0. 5.987461e-04 3.456717e-04 0. 0. 0. 0. 0. 1.151102e-03 -7.203284e-05 0. -3.901661e-04 -1.907855e-04
8.740964e+00 0. 0. 0. 0. 0. -1.520637e-03 1.051453e-04 0. 5.627240e-04 3.230686e-04 0. 0. 0. 0. 0. 1.077516e-03 -6.685715e-05 0. -3.640497e-04 -1.772807e-04
8.779116e+00 0. 0. 0. 0. 0. -1.434055e-03 9.826497e-05 0. 5.286793e-04 3.018488e-04 0. 0. 0. 0. 0. 1.008301e-03 -6.203469e-05 0. -3.395726e-04 -1.646824e-04
8.817269e+00 0. 0. 0. 0. 0. -1.352022e-03 9.181654e-05 0. 4.965671e-04 2.819536e-04 0. 0. 0. 0. 0. 9.432478e-04 -5.754634e-05 0. -3.166520e-04 -1.529377e-04
8.855422e+00 0. 0. 0. 0. 0. -1.274355e-03 8.576619e-05 0. 4.662997e-04 2.633094e-04 0. 0. 0. 0. 0. 8.821432e-04 -5.336757e-05 0. -2.952017e-04 -1.419936e-04
8.893574e+00 0. 0. 0. 0. 0. -1.200650e-03 8.008727e-05 0. 4.376958e-04 2.458129e-04 0. 0. 0. 0. 0. 8.247129e-04 -4.947836e-05 0. -2.751121e-04 -1.317924e-04
8.931727e+00 0. 0. 0. 0. 0. -1.130963e-03 7.476835e-05 0. 4.107733e-04 2.294338e-04 0. 0. 0. 0. 0. 7.708086e-04 -4.586037e-05 0. -2.563249e-04 -1.222929e-04
8.969880e+00 0. 0. 0. 0. 0. -1.064896e-03 6.977883e-05 0. 3.853543e-04 2.140741e-04 0. 0. 0. 0. 0. 7.201901e-04 -4.249574e-05 0. -2.387440e-04 -1.134440e-04
9.008032e+00 0. 0. 0. 0. 0. -1.002495e-03 6.511284e-05 0. 3.614536e-04 1.997067e-04 0. 0. 0. 0. 0. 6.727144e-04 -3.936851e-05 0. -2.223148e-04 -1.052092e-04
9.046185e+00 0. 0. 0. 0. 0. -9.432689e-04 6.073225e-05 0. 3.388574e-04 1.862259e-04 0. 0. 0. 0. 0. 6.281318e-04 -3.645922e-05 0. -2.069373e-04 -9.753946e-05
9.084337e+00 0. 0. 0. 0. 0. -8.873726e-04 5.664251e-05 0. 3.176268e-04 1.736241e-04 0. 0. 0. 0. 0. 5.863494e-04 -3.375896e-05 0. -1.925778e-04 -9.040649e-05
9.122490e+00 0. 0. 0. 0. 0. -8.344608e-04 5.279489e-05 0. 2.976092e-04 1.618209e-04 0. 0. 0. 0. 0. 5.471695e-04 -3.124541e-05 0. -1.791581e-04 -8.377019e-05
9.160643e+00 0. 0. 0. 0. 0. -7.845157e-04 4.921034e-05 0. 2.787953e-04 1.507875e-04 0. 0. 0. 0. 0. 5.104670e-04 -2.891542e-05 0. -1.666315e-04 -7.760129e-05
9.198795e+00 0. 0. 0. 0. 0. -7.372451e-04 4.585310e-05 0. 2.610601e-04 1.404573e-04 0. 0. 0. 0. 0. 4.760527e-04 -2.675062e-05 0. -1.549243e-04 -7.186384e-05
9.236948e+00 0. 0. 0. 0. 0. -6.926622e-04 4.271259e-05 0. 2.444028e-04 1.308062e-04 0. 0. 0. 0. 0. 4.438478e-04 -2.474124e-05 0. -1.440068e-04 -6.653354e-05
9.275100e+00 0. 0. 0. 0. 0. -6.505049e-04 3.977318e-05 0. 2.287138e-04 1.217759e-04 0. 0. 0. 0. 0. 4.136793e-04 -2.287601e-05 0. -1.338131e-04 -6.157973e-05
9.313253e+00 0. 0. 0. 0. 0. -6.108634e-04 3.702982e-05 0. 2.140259e-04 1.133579e-04 0. 0. 0. 0. 0. 3.854807e-04 -2.114680e-05 0. -1.243203e-04 -5.698410e-05
9.351406e+00 0. 0. 0. 0. 0. -5.733091e-04 3.446067e-05 0. 2.001617e-04 1.054725e-04 0. 0. 0. 0. 0. 3.590600e-04 -1.954166e-05 0. -1.154525e-04 -5.271160e-05
9.389558e+00 0. 0. 0. 0. 0. -5.379904e-04 3.206663e-05 0. 1.871792e-04 9.812191e-05 0. 0. 0. 0. 0. 3.343712e-04 -1.805482e-05 0. -1.071953e-04 -4.874865e-05
9.427711e+00 0. 0. 0. 0. 0. -4.993383e-04 2.982853e-05 0. 1.749645e-04 9.125037e-05 0. 0. 0. 0. 0. 3.112747e-04 -1.667592e-05 0. -9.949546e-05 -4.506941e-05
9.465863e+00 0. 0. 0. 0. 0. -4.580593e-04 2.773775e-05 0. 1.615180e-04 8.484180e-05 0. 0. 0. 0. 0. 2.896940e-04 -1.539790e-05 0. -9.232479e-05 -4.165682e-05
9.504016e+00 0. 0. 0. 0. 0. -4.148602e-04 2.542893e-05 0. 1.471184e-04 7.776965e-05 0. 0. 0. 0. 0. 2.657724e-04 -1.421437e-05 0. -8.564155e-05 -3.849066e-05
9.542169e+00 0. 0. 0. 0. 0. -3.704472e-04 2.295575e-05 0. 1.320443e-04 7.019778e-05 0. 0. 0. 0. 0. 2.400775e-04 -1.311808e-05 0. -7.811490e-05 -3.498854e-05
9.580321e+00 0. 0. 0. 0. 0. -3.255271e-04 2.037190e-05 0. 1.165745e-04 6.229003e-05 0. 0. 0. 0. 0. 2.131769e-04 -1.186851e-05 0. -6.995911e-05 -3.124179e-05
9.618474e+00 0. 0. 0. 0. 0. -2.808063e-04 1.773107e-05 0. 1.009877e-04 5.421028e-05 0. 0. 0. 0. 0. 1.856380e-04 -1.050759e-05 0. -6.138843e-05 -2.734172e-05
9.656627e+00 0. 0. 0. 0. 0. -2.369913e-04 1.508695e-05 0. 8.556263e-05 4.612236e-05 0. 0. 0. 0. 0. 1.580283e-04 -9.077267e-06 0. -5.261713e-05 -2.337966e-05
9.694779e+00 0. 0. 0. 0. 0. -1.947888e-04 1.249321e-05 0. 7.057794e-05 3.819015e-05 0. 0. 0. 0. 0. 1.309155e-04 -7.619463e-06 0. -4.385946e-05 -1.944694e-05
9.732932e+00 0. 0. 0. 0. 0. -1.549053e-04 1.000356e-05 0. 5.631235e-05 3.057748e-05 0. 0. 0. 0. 0. 1.048669e-04 -6.176116e-06 0. -3.532968e-05 -1.563487e-05
9.771084e+00 0. 0. 0. 0. 0. -1.180472e-04 7.671682e-06 0. 4.304459e-05 2.344821e-05 0. 0. 0. 0. 0. 8.045024e-05 -4.789162e-06 0. -2.724206e-05 -1.203479e-05
9.809237e+00 0. 0. 0. 0. 0. -8.492111e-05 5.551254e-06 0. 3.105336e-05 1.696621e-05 0. 0. 0. 0. 0. 5.823291e-05 -3.500534e-06 0. -1.981084e-05 -8.738007e-06
9.847390e+00 0. 0. 0. 0. 0. -5.623361e-05 3.695969e-06 0. 2.061738e-05 1.129532e-05 0. 0. 0. 0. 0. 3.878246e-05 -2.352167e-06 0. -1.325030e-05 -5.835854e-06
9.885542e+00 0. 0. 0. 0. 0. -3.269121e-05 2.159513e-06 0. 1.201534e-05 6.599399e-06 0. 0. 0. 0. 0. 2.266642e-05 -1.385996e-06 0. -7.774681e-06 -3.419654e-06
9.923695e+00 0. 0. 0. 0. 0. -1.500045e-05 9.955753e-07 0. 5.525956e-06 3.042303e-06 0. 0. 0. 0. 0. 1.045231e-05 -6.439544e-07 0. -3.598253e-06 -1.580728e-06
9.961847e+00 0. 0. 0. 0. 0. -3.867870e-06 2.578417e-07 0. 1.427940e-06 7.878848e-07 0. 0. 0. 0. 0. 2.707666e-06 -1.679777e-07 0. -9.352732e-07 -4.104027e-07
1.000000e+01 0. 0. 0. 0. 0. 0. 0. 0. 0. 0. 0. 0. 0. 0. 0. 0. 0. 0. 0. 0.



O_Rh_table=
5.000000e-01 0. 0. 0. -1.468675e+00 -1.131727e+00 -4.551755e-01 -2.998459e-01 -2.875365e-01 -1.544925e-01 -1.212793e-01 0. 0. 0. 4.091871e-01 3.920024e-01 -1.768247e-01 -1.346572e-01 5.330538e-02 -9.818232e-02 -2.018428e-01
5.381526e-01 0. 0. 0. -1.473849e+00 -1.232314e+00 -4.020644e-01 -3.090203e-01 -1.551447e-01 -6.444451e-02 -4.891983e-02 0. 0. 0. 4.235089e-01 4.153350e-01 -1.884346e-01 -1.380681e-01 5.686757e-02 -1.100724e-01 -2.093360e-01
5.763052e-01 0. 0. 0. -1.451724e+00 -1.318470e+00 -3.358856e-01 -3.129454e-01 -5.068658e-02 1.047969e-02 1.212865e-02 0. 0. 0. 4.343198e-01 4.369908e-01 -2.008629e-01 -1.418433e-01 6.118302e-02 -1.218405e-01 -2.167060e-01
6.144578e-01 0. 0. 0. -1.406409e+00 -1.390510e+00 -2.602294e-01 -3.120793e-01 2.623261e-02 6.982196e-02 6.136665e-02 0. 0. 0. 4.417060e-01 4.570173e-01 -2.139509e-01 -1.458797e-01 6.633642e-02 -1.333383e-01 -2.237973e-01
6.526104e-01 0. 0. 0. -1.341734e+00 -1.448276e+00 -1.785314e-01 -3.065964e-01 7.684202e-02 1.144849e-01 9.961495e-02 0. 0. 0. 4.456768e-01 4.751564e-01 -2.274688e-01 -1.503178e-01 7.254507e-02 -1.445673e-01 -2.306918e-01
6.907631e-01 0. 0. 0. -1.261793e+00 -1.493048e+00 -9.375784e-02 -2.972397e-01 1.040072e-01 1.458828e-01 1.278522e-01 0. 0. 0. 4.464875e-01 4.916649e-01 -2.412622e-01 -1.548993e-01 7.966328e-02 -1.553997e-01 -2.371866e-01
7.289157e-01 0. 0. 0. -1.170260e+00 -1.525088e+00 -8.737234e-03 -2.843371e-01 1.103694e-01 1.661128e-01 1.478216e-01 0. 0. 0. 4.442029e-01 5.062333e-01 -2.550724e-01 -1.598385e-01 8.787598e-02 -1.659258e-01 -2.434678e-01
7.670683e-01 0. 0. 0. -1.070671e+00 -1.545900e+00 7.432833e-02 -2.685689e-01 9.939838e-02 1.771900e-01 1.610296e-01 0. 0. 0. 4.391451e-01 5.191720e-01 -2.687379e-01 -1.648604e-01 9.694162e-02 -1.760758e-01 -2.493828e-01
8.052209e-01 0. 0. 0. -9.657477e-01 -1.556151e+00 1.536742e-01 -2.504079e-01 7.400303e-02 1.812089e-01 1.691051e-01 0. 0. 0. 4.314245e-01 5.302407e-01 -2.820355e-01 -1.701442e-01 1.069640e-01 -1.859534e-01 -2.551018e-01
8.433735e-01 0. 0. 0. -8.582209e-01 -1.557251e+00 2.279197e-01 -2.304299e-01 3.745204e-02 1.800647e-01 1.734432e-01 0. 0. 0. 4.213729e-01 5.396981e-01 -2.948142e-01 -1.754699e-01 1.177158e-01 -1.955399e-01 -2.605364e-01
8.815261e-01 0. 0. 0. -7.501798e-01 -1.550147e+00 2.960923e-01 -2.091059e-01 -7.615795e-03 1.754436e-01 1.752982e-01 0. 0. 0. 4.091640e-01 5.474638e-01 -3.069050e-01 -1.809001e-01 1.291797e-01 -2.049083e-01 -2.657776e-01
9.196787e-01 0. 0. 0. -6.436017e-01 -1.535879e+00 3.573918e-01 -1.868497e-01 -5.862090e-02 1.688561e-01 1.757758e-01 0. 0. 0. 3.950747e-01 5.536294e-01 -3.181529e-01 -1.863630e-01 1.412028e-01 -2.141086e-01 -2.708513e-01
9.578313e-01 0. 0. 0. -5.397837e-01 -1.515525e+00 4.115673e-01 -1.640762e-01 -1.134504e-01 1.614301e-01 1.756649e-01 0. 0. 0. 3.793190e-01 5.582935e-01 -3.284529e-01 -1.918256e-01 1.536497e-01 -2.231806e-01 -2.757976e-01
9.959839e-01 0. 0. 0. -4.399476e-01 -1.489944e+00 4.583643e-01 -1.411262e-01 -1.701632e-01 1.542013e-01 1.756635e-01 0. 0. 0. 3.621316e-01 5.614620e-01 -3.376911e-01 -1.972314e-01 1.664505e-01 -2.321564e-01 -2.805959e-01
1.034137e+00 0. 0. 0. -3.449545e-01 -1.460118e+00 4.978577e-01 -1.182724e-01 -2.271610e-01 1.478887e-01 1.762735e-01 0. 0. 0. 3.438009e-01 5.633678e-01 -3.457702e-01 -2.025431e-01 1.793537e-01 -2.410980e-01 -2.853337e-01
1.072289e+00 0. 0. 0. -2.553057e-01 -1.426574e+00 5.302560e-01 -9.575472e-02 -2.833232e-01 1.430180e-01 1.778065e-01 0. 0. 0. 3.244296e-01 5.638365e-01 -3.526223e-01 -2.077921e-01 1.923819e-01 -2.500489e-01 -2.900224e-01
1.110442e+00 0. 0. 0. -1.715878e-01 -1.390332e+00 5.558345e-01 -7.381379e-02 -3.374708e-01 1.399496e-01 1.804532e-01 0. 0. 0. 3.042895e-01 5.632179e-01 -3.582365e-01 -2.128296e-01 2.053403e-01 -2.589725e-01 -2.946033e-01
1.148594e+00 0. 0. 0. -9.405349e-02 -1.351712e+00 5.748959e-01 -5.253849e-02 -3.888295e-01 1.389859e-01 1.844197e-01 0. 0. 0. 2.836032e-01 5.614276e-01 -3.624901e-01 -2.177506e-01 2.180800e-01 -2.679930e-01 -2.992180e-01
1.186747e+00 0. 0. 0. -2.256529e-02 -1.311456e+00 5.880739e-01 -3.214880e-02 -4.369793e-01 1.400832e-01 1.895622e-01 0. 0. 0. 2.624115e-01 5.585285e-01 -3.654672e-01 -2.224402e-01 2.306475e-01 -2.770152e-01 -3.037225e-01
1.224900e+00 0. 0. 0. 4.272833e-02 -1.270111e+00 5.957474e-01 -1.271183e-02 -4.813788e-01 1.433155e-01 1.959239e-01 0. 0. 0. 2.409923e-01 5.547481e-01 -3.671088e-01 -2.269094e-01 2.428244e-01 -2.861021e-01 -3.082122e-01
1.263052e+00 0. 0. 0. 1.020485e-01 -1.227972e+00 5.984646e-01 5.702279e-03 -5.218539e-01 1.485817e-01 2.033805e-01 0. 0. 0. 2.194209e-01 5.500399e-01 -3.674353e-01 -2.311624e-01 2.545924e-01 -2.952443e-01 -3.126647e-01
1.301205e+00 0. 0. 0. 1.555565e-01 -1.185420e+00 5.967111e-01 2.305601e-02 -5.582652e-01 1.557690e-01 2.118134e-01 0. 0. 0. 1.978226e-01 5.444734e-01 -3.664841e-01 -2.351123e-01 2.659107e-01 -3.044061e-01 -3.170096e-01
1.339357e+00 0. 0. 0. 2.033101e-01 -1.142735e+00 5.909021e-01 3.933089e-02 -5.904365e-01 1.647629e-01 2.211388e-01 0. 0. 0. 1.764275e-01 5.381789e-01 -3.642080e-01 -2.388556e-01 2.765954e-01 -3.136618e-01 -3.213706e-01
1.377510e+00 0. 0. 0. 2.458568e-01 -1.100390e+00 5.816676e-01 5.446720e-02 -6.186107e-01 1.752576e-01 2.310854e-01 0. 0. 0. 1.551873e-01 5.312862e-01 -3.607568e-01 -2.422579e-01 2.867442e-01 -3.228752e-01 -3.255882e-01
1.415663e+00 0. 0. 0. 2.833784e-01 -1.058354e+00 5.693761e-01 6.850843e-02 -6.428079e-01 1.871219e-01 2.415607e-01 0. 0. 0. 1.342823e-01 5.236682e-01 -3.560973e-01 -2.453765e-01 2.962503e-01 -3.321089e-01 -3.297130e-01
1.453815e+00 0. 0. 0. 3.162083e-01 -1.016967e+00 5.544777e-01 8.146543e-02 -6.631536e-01 2.001313e-01 2.524127e-01 0. 0. 0. 1.138115e-01 5.156045e-01 -3.502865e-01 -2.482023e-01 3.050460e-01 -3.413324e-01 -3.337533e-01
1.491968e+00 0. 0. 0. 3.446896e-01 -9.762944e-01 5.373921e-01 9.334493e-02 -6.798830e-01 2.140490e-01 2.634540e-01 0. 0. 0. 9.380330e-02 5.070055e-01 -3.433941e-01 -2.507482e-01 3.131523e-01 -3.505147e-01 -3.376730e-01
1.530120e+00 0. 0. 0. 3.691277e-01 -9.365672e-01 5.184782e-01 1.041821e-01 -6.932055e-01 2.286745e-01 2.745445e-01 0. 0. 0. 7.429927e-02 4.980065e-01 -3.355104e-01 -2.529228e-01 3.205858e-01 -3.595824e-01 -3.413904e-01
1.568273e+00 0. 0. 0. 3.898571e-01 -8.977557e-01 4.980875e-01 1.140145e-01 -7.033325e-01 2.438072e-01 2.855583e-01 0. 0. 0. 5.539301e-02 4.885837e-01 -3.266575e-01 -2.548321e-01 3.272794e-01 -3.685706e-01 -3.449715e-01
1.606426e+00 0. 0. 0. 4.071996e-01 -8.600385e-01 4.765277e-01 1.228788e-01 -7.105049e-01 2.592600e-01 2.963812e-01 0. 0. 0. 3.711555e-02 4.788974e-01 -3.169087e-01 -2.564420e-01 3.332415e-01 -3.774306e-01 -3.483854e-01
1.644578e+00 0. 0. 0. 4.214831e-01 -8.234538e-01 4.540778e-01 1.308144e-01 -7.149892e-01 2.748607e-01 3.068920e-01 0. 0. 0. 1.945698e-02 4.689157e-01 -3.063698e-01 -2.577045e-01 3.385269e-01 -3.860915e-01 -3.515489e-01
1.682731e+00 0. 0. 0. 4.329134e-01 -7.880138e-01 4.309548e-01 1.378910e-01 -7.169501e-01 2.904835e-01 3.170407e-01 0. 0. 0. 2.544505e-03 4.587322e-01 -2.950470e-01 -2.586498e-01 3.430554e-01 -3.945846e-01 -3.545126e-01
1.720884e+00 0. 0. 0. 4.418540e-01 -7.537406e-01 4.074294e-01 1.441182e-01 -7.166912e-01 3.059424e-01 3.267026e-01 0. 0. 0. -1.369187e-02 4.483317e-01 -2.830530e-01 -2.593451e-01 3.468995e-01 -4.028568e-01 -3.572559e-01
1.759036e+00 0. 0. 0. 4.484434e-01 -7.206912e-01 3.836486e-01 1.495730e-01 -7.143545e-01 3.211553e-01 3.358528e-01 0. 0. 0. -2.917109e-02 4.378397e-01 -2.704273e-01 -2.597249e-01 3.500402e-01 -4.108887e-01 -3.597573e-01
1.797189e+00 0. 0. 0. 4.530270e-01 -6.887872e-01 3.598255e-01 1.542876e-01 -7.102206e-01 3.359800e-01 3.443993e-01 0. 0. 0. -4.393919e-02 4.271539e-01 -2.572800e-01 -2.598022e-01 3.525260e-01 -4.186246e-01 -3.619666e-01
1.835341e+00 0. 0. 0. 4.557672e-01 -6.581546e-01 3.360719e-01 1.583107e-01 -7.044599e-01 3.503482e-01 3.523334e-01 0. 0. 0. -5.798966e-02 4.164810e-01 -2.436543e-01 -2.595798e-01 3.543912e-01 -4.260541e-01 -3.639065e-01
1.873494e+00 0. 0. 0. 4.568440e-01 -6.286579e-01 3.125251e-01 1.616865e-01 -6.972302e-01 3.641759e-01 3.596198e-01 0. 0. 0. -7.123808e-02 4.057242e-01 -2.295866e-01 -2.591336e-01 3.555805e-01 -4.331921e-01 -3.655978e-01
1.911647e+00 0. 0. 0. 4.564774e-01 -6.003008e-01 2.892967e-01 1.644610e-01 -6.887314e-01 3.773941e-01 3.662277e-01 0. 0. 0. -8.373191e-02 3.949107e-01 -2.151770e-01 -2.584090e-01 3.561596e-01 -4.399780e-01 -3.669832e-01
1.949799e+00 0. 0. 0. 4.548492e-01 -5.731258e-01 2.664763e-01 1.666825e-01 -6.791351e-01 3.899509e-01 3.721536e-01 0. 0. 0. -9.551062e-02 3.841699e-01 -2.004745e-01 -2.573969e-01 3.561820e-01 -4.463942e-01 -3.680718e-01
1.987952e+00 0. 0. 0. 4.520473e-01 -5.470556e-01 2.441305e-01 1.683804e-01 -6.685533e-01 4.018080e-01 3.773871e-01 0. 0. 0. -1.065282e-01 3.734234e-01 -1.855477e-01 -2.561550e-01 3.556382e-01 -4.524293e-01 -3.688553e-01
2.026104e+00 0. 0. 0. 4.482895e-01 -5.220924e-01 2.223462e-01 1.695998e-01 -6.571624e-01 4.129174e-01 3.819282e-01 0. 0. 0. -1.168487e-01 3.627826e-01 -1.704357e-01 -2.546879e-01 3.545839e-01 -4.580769e-01 -3.693572e-01
2.064257e+00 0. 0. 0. 4.436183e-01 -4.981498e-01 2.011547e-01 1.703744e-01 -6.450365e-01 4.232683e-01 3.857803e-01 0. 0. 0. -1.264020e-01 3.521516e-01 -1.552127e-01 -2.530001e-01 3.529940e-01 -4.633112e-01 -3.695403e-01
2.102410e+00 0. 0. 0. 4.382287e-01 -4.752481e-01 1.806125e-01 1.707489e-01 -6.323379e-01 4.328343e-01 3.889560e-01 0. 0. 0. -1.352798e-01 3.416537e-01 -1.399201e-01 -2.510672e-01 3.509503e-01 -4.681220e-01 -3.694195e-01
2.140562e+00 0. 0. 0. 4.322185e-01 -4.533663e-01 1.607325e-01 1.707454e-01 -6.191771e-01 4.416172e-01 3.914765e-01 0. 0. 0. -1.435135e-01 3.312814e-01 -1.246191e-01 -2.489371e-01 3.484986e-01 -4.724930e-01 -3.689917e-01
2.178715e+00 0. 0. 0. 4.256255e-01 -4.324042e-01 1.415509e-01 1.703963e-01 -6.055967e-01 4.496060e-01 3.933522e-01 0. 0. 0. -1.510092e-01 3.209905e-01 -1.093400e-01 -2.466472e-01 3.455760e-01 -4.764405e-01 -3.682744e-01
2.216867e+00 0. 0. 0. 4.186017e-01 -4.124042e-01 1.230795e-01 1.697407e-01 -5.917346e-01 4.568067e-01 3.946122e-01 0. 0. 0. -1.579125e-01 3.109011e-01 -9.412679e-02 -2.441469e-01 3.423116e-01 -4.799413e-01 -3.672638e-01
2.255020e+00 0. 0. 0. 4.111246e-01 -3.932533e-01 1.053257e-01 1.688010e-01 -5.776004e-01 4.632286e-01 3.952668e-01 0. 0. 0. -1.641071e-01 3.008844e-01 -7.905537e-02 -2.414664e-01 3.386336e-01 -4.829767e-01 -3.659296e-01
2.293173e+00 0. 0. 0. 4.033747e-01 -3.749866e-01 8.831281e-02 1.676030e-01 -5.633338e-01 4.688687e-01 3.953492e-01 0. 0. 0. -1.697479e-01 2.910966e-01 -6.411265e-02 -2.386409e-01 3.346599e-01 -4.855825e-01 -3.643435e-01
2.331325e+00 0. 0. 0. 3.953446e-01 -3.575241e-01 7.202702e-02 1.661681e-01 -5.489536e-01 4.737512e-01 3.948788e-01 0. 0. 0. -1.747732e-01 2.814391e-01 -4.937967e-02 -2.356770e-01 3.303601e-01 -4.877246e-01 -3.624626e-01
2.369478e+00 0. 0. 0. 3.871172e-01 -3.408710e-01 5.645867e-02 1.645281e-01 -5.345372e-01 4.778990e-01 3.938914e-01 0. 0. 0. -1.792647e-01 2.719833e-01 -3.487626e-02 -2.325438e-01 3.258101e-01 -4.894059e-01 -3.602978e-01
2.407631e+00 0. 0. 0. 3.787101e-01 -3.249618e-01 4.161554e-02 1.626947e-01 -5.201061e-01 4.813202e-01 3.924073e-01 0. 0. 0. -1.831589e-01 2.627072e-01 -2.061499e-02 -2.293131e-01 3.209654e-01 -4.906576e-01 -3.578880e-01
2.445783e+00 0. 0. 0. 3.702066e-01 -3.097634e-01 2.748152e-02 1.606955e-01 -5.057309e-01 4.840419e-01 3.904503e-01 0. 0. 0. -1.865446e-01 2.535906e-01 -6.673528e-03 -2.259280e-01 3.158985e-01 -4.914340e-01 -3.551877e-01
2.483936e+00 0. 0. 0. 3.616198e-01 -2.952788e-01 1.404102e-02 1.585441e-01 -4.914372e-01 4.860891e-01 3.880616e-01 0. 0. 0. -1.894289e-01 2.447067e-01 6.982727e-03 -2.224650e-01 3.106274e-01 -4.917942e-01 -3.522685e-01
2.522088e+00 0. 0. 0. 3.530109e-01 -2.814609e-01 1.289611e-03 1.562599e-01 -4.772729e-01 4.874800e-01 3.852585e-01 0. 0. 0. -1.918669e-01 2.360282e-01 2.030022e-02 -2.188951e-01 3.051922e-01 -4.917154e-01 -3.491098e-01
2.560241e+00 0. 0. 0. 3.443669e-01 -2.682616e-01 -1.079568e-02 1.538615e-01 -4.632406e-01 4.882465e-01 3.820652e-01 0. 0. 0. -1.938184e-01 2.275104e-01 3.322093e-02 -2.152155e-01 2.995745e-01 -4.911824e-01 -3.456903e-01
2.598394e+00 0. 0. 0. 3.357333e-01 -2.556808e-01 -2.221680e-02 1.513578e-01 -4.493761e-01 4.884031e-01 3.785145e-01 0. 0. 0. -1.953300e-01 2.192402e-01 4.580388e-02 -2.114801e-01 2.938098e-01 -4.902636e-01 -3.420910e-01
2.636546e+00 0. 0. 0. 3.271066e-01 -2.436727e-01 -3.300615e-02 1.487667e-01 -4.356874e-01 4.879874e-01 3.746298e-01 0. 0. 0. -1.963861e-01 2.111537e-01 5.796999e-02 -2.076704e-01 2.878956e-01 -4.889219e-01 -3.382681e-01
2.674699e+00 0. 0. 0. 3.185724e-01 -2.322265e-01 -4.317543e-02 1.461011e-01 -4.222331e-01 4.870211e-01 3.704384e-01 0. 0. 0. -1.971141e-01 2.032873e-01 6.972625e-02 -2.037924e-01 2.819184e-01 -4.871773e-01 -3.342506e-01
2.712851e+00 0. 0. 0. 3.100772e-01 -2.213041e-01 -5.274363e-02 1.433702e-01 -4.089848e-01 4.855316e-01 3.659639e-01 0. 0. 0. -1.974080e-01 1.956239e-01 8.105915e-02 -1.998755e-01 2.758135e-01 -4.850518e-01 -3.300534e-01
2.751004e+00 0. 0. 0. 3.016904e-01 -2.108883e-01 -6.172921e-02 1.405867e-01 -3.959892e-01 4.835446e-01 3.612292e-01 0. 0. 0. -1.973849e-01 1.881715e-01 9.195299e-02 -1.958998e-01 2.696594e-01 -4.825427e-01 -3.256784e-01
2.789157e+00 0. 0. 0. 2.933910e-01 -2.009495e-01 -7.015528e-02 1.377615e-01 -3.832374e-01 4.810900e-01 3.562578e-01 0. 0. 0. -1.970044e-01 1.809119e-01 1.023828e-01 -1.918817e-01 2.634345e-01 -4.796597e-01 -3.211297e-01
2.827309e+00 0. 0. 0. 2.852212e-01 -1.914851e-01 -7.803156e-02 1.349002e-01 -3.707575e-01 4.781865e-01 3.510757e-01 0. 0. 0. -1.963553e-01 1.738935e-01 1.123976e-01 -1.878528e-01 2.571976e-01 -4.764505e-01 -3.164601e-01
2.865462e+00 0. 0. 0. 2.771601e-01 -1.824492e-01 -8.538387e-02 1.320156e-01 -3.585369e-01 4.748654e-01 3.456967e-01 0. 0. 0. -1.953920e-01 1.670542e-01 1.219197e-01 -1.837899e-01 2.509199e-01 -4.728800e-01 -3.116278e-01
2.903614e+00 0. 0. 0. 2.692239e-01 -1.738357e-01 -9.222875e-02 1.291151e-01 -3.465877e-01 4.711501e-01 3.401456e-01 0. 0. 0. -1.941543e-01 1.604265e-01 1.309831e-01 -1.797061e-01 2.446305e-01 -4.689889e-01 -3.066708e-01
2.941767e+00 0. 0. 0. 2.614241e-01 -1.656214e-01 -9.858323e-02 1.262008e-01 -3.349157e-01 4.670626e-01 3.344403e-01 0. 0. 0. -1.926636e-01 1.540011e-01 1.395821e-01 -1.756264e-01 2.383406e-01 -4.647892e-01 -3.016020e-01
2.979920e+00 0. 0. 0. 2.537573e-01 -1.577946e-01 -1.044677e-01 1.232845e-01 -3.235206e-01 4.626299e-01 3.286020e-01 0. 0. 0. -1.909273e-01 1.477907e-01 1.477288e-01 -1.715366e-01 2.320601e-01 -4.603043e-01 -2.964356e-01
3.018072e+00 0. 0. 0. 2.462508e-01 -1.503220e-01 -1.099047e-01 1.203708e-01 -3.124152e-01 4.578773e-01 3.226444e-01 0. 0. 0. -1.889924e-01 1.417505e-01 1.553738e-01 -1.674459e-01 2.258118e-01 -4.555142e-01 -2.911547e-01
3.056225e+00 0. 0. 0. 2.388902e-01 -1.432073e-01 -1.149069e-01 1.174643e-01 -3.015923e-01 4.528242e-01 3.165905e-01 0. 0. 0. -1.868577e-01 1.359316e-01 1.625888e-01 -1.633738e-01 2.196009e-01 -4.504823e-01 -2.858127e-01
3.094378e+00 0. 0. 0. 2.316760e-01 -1.364149e-01 -1.194952e-01 1.145696e-01 -2.910478e-01 4.474947e-01 3.104496e-01 0. 0. 0. -1.845156e-01 1.302846e-01 1.693122e-01 -1.593179e-01 2.134167e-01 -4.451817e-01 -2.803829e-01
3.132530e+00 0. 0. 0. 2.246160e-01 -1.299402e-01 -1.236853e-01 1.116943e-01 -2.807862e-01 4.419099e-01 3.042392e-01 0. 0. 0. -1.820117e-01 1.248285e-01 1.755748e-01 -1.552675e-01 2.072907e-01 -4.396426e-01 -2.748873e-01
3.170683e+00 0. 0. 0. 2.177089e-01 -1.237705e-01 -1.274887e-01 1.088363e-01 -2.708032e-01 4.360859e-01 2.979741e-01 0. 0. 0. -1.793499e-01 1.195703e-01 1.814040e-01 -1.512615e-01 2.012217e-01 -4.338975e-01 -2.693555e-01
3.208835e+00 0. 0. 0. 2.109692e-01 -1.178862e-01 -1.309297e-01 1.060063e-01 -2.611055e-01 4.300491e-01 2.916669e-01 0. 0. 0. -1.765767e-01 1.144836e-01 1.867695e-01 -1.472660e-01 1.952372e-01 -4.279325e-01 -2.637683e-01
3.246988e+00 0. 0. 0. 2.043672e-01 -1.122751e-01 -1.340201e-01 1.032043e-01 -2.516721e-01 4.238153e-01 2.853297e-01 0. 0. 0. -1.736354e-01 1.095756e-01 1.916863e-01 -1.433132e-01 1.893013e-01 -4.217752e-01 -2.581472e-01
3.285141e+00 0. 0. 0. 1.979253e-01 -1.069222e-01 -1.367780e-01 1.004325e-01 -2.425128e-01 4.174048e-01 2.789742e-01 0. 0. 0. -1.705862e-01 1.048327e-01 1.961540e-01 -1.393983e-01 1.834466e-01 -4.154311e-01 -2.524947e-01
3.323293e+00 0. 0. 0. 1.916528e-01 -1.018273e-01 -1.392124e-01 9.769345e-02 -2.336310e-01 4.108312e-01 2.726157e-01 0. 0. 0. -1.674743e-01 1.002833e-01 2.002430e-01 -1.355310e-01 1.777012e-01 -4.089529e-01 -2.468520e-01
3.361446e+00 0. 0. 0. 1.855251e-01 -9.695979e-02 -1.413497e-01 9.499347e-02 -2.250075e-01 4.041196e-01 2.662576e-01 0. 0. 0. -1.642457e-01 9.587204e-02 2.038552e-01 -1.316863e-01 1.720274e-01 -4.022885e-01 -2.411682e-01
3.399598e+00 0. 0. 0. 1.795660e-01 -9.232762e-02 -1.431933e-01 9.232961e-02 -2.166541e-01 3.972794e-01 2.599178e-01 0. 0. 0. -1.609800e-01 9.164496e-02 2.071112e-01 -1.279037e-01 1.664725e-01 -3.955213e-01 -2.355133e-01
3.437751e+00 0. 0. 0. 1.737443e-01 -8.790895e-02 -1.447626e-01 8.970571e-02 -2.085478e-01 3.903300e-01 2.535998e-01 0. 0. 0. -1.576110e-01 8.757011e-02 2.099488e-01 -1.241768e-01 1.609934e-01 -3.886229e-01 -2.298582e-01
3.475904e+00 0. 0. 0. 1.680787e-01 -8.369327e-02 -1.460713e-01 8.712513e-02 -2.006958e-01 3.832860e-01 2.473121e-01 0. 0. 0. -1.541997e-01 8.363981e-02 2.123833e-01 -1.204946e-01 1.556227e-01 -3.816057e-01 -2.242095e-01
3.514056e+00 0. 0. 0. 1.625652e-01 -7.967643e-02 -1.471274e-01 8.458771e-02 -1.930924e-01 3.761596e-01 2.410640e-01 0. 0. 0. -1.507557e-01 7.986569e-02 2.144553e-01 -1.168640e-01 1.503649e-01 -3.745018e-01 -2.185895e-01
3.552209e+00 0. 0. 0. 1.571963e-01 -7.584807e-02 -1.479458e-01 8.209369e-02 -1.857293e-01 3.689653e-01 2.348628e-01 0. 0. 0. -1.472716e-01 7.623979e-02 2.161672e-01 -1.132999e-01 1.452118e-01 -3.673198e-01 -2.130026e-01
3.590361e+00 0. 0. 0. 1.519681e-01 -7.219675e-02 -1.485414e-01 7.964534e-02 -1.786005e-01 3.617183e-01 2.287142e-01 0. 0. 0. -1.437497e-01 7.275024e-02 2.175104e-01 -1.097916e-01 1.401619e-01 -3.600602e-01 -2.074437e-01
3.628514e+00 0. 0. 0. 1.468838e-01 -6.871849e-02 -1.489210e-01 7.724361e-02 -1.717040e-01 3.544280e-01 2.226257e-01 0. 0. 0. -1.402170e-01 6.940560e-02 2.185288e-01 -1.063454e-01 1.352286e-01 -3.527522e-01 -2.019334e-01
3.666667e+00 0. 0. 0. 1.419453e-01 -6.539989e-02 -1.491032e-01 7.488972e-02 -1.650365e-01 3.471104e-01 2.166025e-01 0. 0. 0. -1.366846e-01 6.618394e-02 2.192029e-01 -1.029608e-01 1.304132e-01 -3.453894e-01 -1.964627e-01
3.704819e+00 0. 0. 0. 1.371458e-01 -6.224008e-02 -1.490896e-01 7.258159e-02 -1.585907e-01 3.397712e-01 2.106505e-01 0. 0. 0. -1.331549e-01 6.310372e-02 2.195895e-01 -9.964621e-02 1.257157e-01 -3.380092e-01 -1.910577e-01
3.742972e+00 0. 0. 0. 1.324753e-01 -5.922370e-02 -1.489024e-01 7.032346e-02 -1.523569e-01 3.324283e-01 2.047723e-01 0. 0. 0. -1.296101e-01 6.013509e-02 2.196321e-01 -9.638644e-02 1.211221e-01 -3.305826e-01 -1.856907e-01
3.781124e+00 0. 0. 0. 1.279387e-01 -5.635140e-02 -1.485439e-01 6.811310e-02 -1.463343e-01 3.250868e-01 1.989751e-01 0. 0. 0. -1.260805e-01 5.729565e-02 2.194038e-01 -9.320076e-02 1.166472e-01 -3.231560e-01 -1.803952e-01
3.819277e+00 0. 0. 0. 1.235384e-01 -5.361403e-02 -1.480225e-01 6.595026e-02 -1.405198e-01 3.177553e-01 1.932612e-01 0. 0. 0. -1.225839e-01 5.457490e-02 2.189096e-01 -9.008371e-02 1.122967e-01 -3.157325e-01 -1.751705e-01
3.857430e+00 0. 0. 0. 1.192608e-01 -5.100363e-02 -1.473533e-01 6.383761e-02 -1.349023e-01 3.104466e-01 1.876335e-01 0. 0. 0. -1.190979e-01 5.196310e-02 2.181314e-01 -8.702859e-02 1.080558e-01 -3.083058e-01 -1.700068e-01
3.895582e+00 0. 0. 0. 1.151080e-01 -4.851614e-02 -1.465419e-01 6.177327e-02 -1.294792e-01 3.031666e-01 1.820959e-01 0. 0. 0. -1.156394e-01 4.946244e-02 2.171038e-01 -8.404395e-02 1.039305e-01 -3.008974e-01 -1.649181e-01
3.933735e+00 0. 0. 0. 1.110852e-01 -4.614802e-02 -1.455928e-01 5.975613e-02 -1.242494e-01 2.959211e-01 1.766521e-01 0. 0. 0. -1.122357e-01 4.707540e-02 2.158698e-01 -8.113326e-02 9.993275e-02 -2.935320e-01 -1.599198e-01
3.971888e+00 0. 0. 0. 1.071737e-01 -4.388836e-02 -1.445271e-01 5.778946e-02 -1.191993e-01 2.887247e-01 1.713029e-01 0. 0. 0. -1.088446e-01 4.478058e-02 2.143687e-01 -7.828716e-02 9.603612e-02 -2.861792e-01 -1.549845e-01
4.010040e+00 0. 0. 0. 1.033839e-01 -4.173653e-02 -1.433402e-01 5.586949e-02 -1.143306e-01 2.815772e-01 1.660510e-01 0. 0. 0. -1.055086e-01 4.259059e-02 2.126772e-01 -7.550948e-02 9.226114e-02 -2.788803e-01 -1.501408e-01
4.048193e+00 0. 0. 0. 9.970756e-02 -3.968416e-02 -1.420493e-01 5.399894e-02 -1.096352e-01 2.744907e-01 1.608982e-01 0. 0. 0. -1.022140e-01 4.048910e-02 2.107643e-01 -7.279698e-02 8.859671e-02 -2.716200e-01 -1.453733e-01
4.086345e+00 0. 0. 0. 9.614631e-02 -3.773216e-02 -1.406535e-01 5.217384e-02 -1.051108e-01 2.674659e-01 1.558479e-01 0. 0. 0. -9.897621e-02 3.849014e-02 2.086992e-01 -7.016515e-02 8.504908e-02 -2.644374e-01 -1.407090e-01
4.124498e+00 0. 0. 0. 9.268661e-02 -3.587018e-02 -1.391702e-01 5.039723e-02 -1.007465e-01 2.605149e-01 1.508987e-01 0. 0. 0. -9.576762e-02 3.657271e-02 2.064217e-01 -6.759573e-02 8.160001e-02 -2.572997e-01 -1.361192e-01
4.162651e+00 0. 0. 0. 8.933750e-02 -3.409590e-02 -1.375990e-01 4.866723e-02 -9.654343e-02 2.536385e-01 1.460526e-01 0. 0. 0. -9.262401e-02 3.474005e-02 2.039856e-01 -6.509188e-02 7.826555e-02 -2.502346e-01 -1.316220e-01
4.200803e+00 0. 0. 0. 8.609374e-02 -3.240773e-02 -1.359458e-01 4.698238e-02 -9.249567e-02 2.468411e-01 1.413113e-01 0. 0. 0. -8.954117e-02 3.299504e-02 2.014166e-01 -6.266369e-02 7.504103e-02 -2.432569e-01 -1.272255e-01
4.238956e+00 0. 0. 0. 8.295078e-02 -3.079859e-02 -1.342201e-01 4.534345e-02 -8.859725e-02 2.401290e-01 1.366739e-01 0. 0. 0. -8.651481e-02 3.132609e-02 1.986960e-01 -6.029976e-02 7.192084e-02 -2.363550e-01 -1.229181e-01
4.277108e+00 0. 0. 0. 7.990928e-02 -2.926538e-02 -1.324268e-01 4.374983e-02 -8.484537e-02 2.335057e-01 1.321413e-01 0. 0. 0. -8.355654e-02 2.973160e-02 1.958469e-01 -5.799947e-02 6.890846e-02 -2.295402e-01 -1.187050e-01
4.315261e+00 0. 0. 0. 7.696174e-02 -2.780600e-02 -1.305721e-01 4.220007e-02 -8.123311e-02 2.269753e-01 1.277139e-01 0. 0. 0. -8.065232e-02 2.821286e-02 1.928808e-01 -5.576838e-02 6.599432e-02 -2.228192e-01 -1.145885e-01
4.353414e+00 0. 0. 0. 7.410501e-02 -2.641514e-02 -1.286654e-01 4.069489e-02 -7.775559e-02 2.205427e-01 1.233912e-01 0. 0. 0. -7.780215e-02 2.676039e-02 1.897860e-01 -5.360163e-02 6.317531e-02 -2.161840e-01 -1.105605e-01
4.391566e+00 0. 0. 0. 7.134446e-02 -2.509313e-02 -1.267033e-01 3.923115e-02 -7.441258e-02 2.142068e-01 1.191745e-01 0. 0. 0. -7.502893e-02 2.538312e-02 1.866294e-01 -5.150567e-02 6.046130e-02 -2.096682e-01 -1.066421e-01
4.429719e+00 0. 0. 0. 6.867035e-02 -2.383253e-02 -1.246998e-01 3.781046e-02 -7.119602e-02 2.079747e-01 1.150614e-01 0. 0. 0. -7.231256e-02 2.406502e-02 1.833595e-01 -4.946804e-02 5.783870e-02 -2.032431e-01 -1.028105e-01
4.467871e+00 0. 0. 0. 6.608374e-02 -2.263202e-02 -1.226566e-01 3.643179e-02 -6.810358e-02 2.018476e-01 1.110523e-01 0. 0. 0. -6.966357e-02 2.280813e-02 1.800095e-01 -4.749141e-02 5.531081e-02 -1.969245e-01 -9.907452e-02
4.506024e+00 0. 0. 0. 6.358188e-02 -2.149039e-02 -1.205777e-01 3.509321e-02 -6.513100e-02 1.958270e-01 1.071475e-01 0. 0. 0. -6.708049e-02 2.161401e-02 1.766020e-01 -4.558321e-02 5.287449e-02 -1.907227e-01 -9.543950e-02
4.544177e+00 0. 0. 0. 6.116524e-02 -2.040265e-02 -1.184664e-01 3.379504e-02 -6.227563e-02 1.899142e-01 1.033448e-01 0. 0. 0. -6.457295e-02 2.047475e-02 1.731354e-01 -4.372970e-02 5.053207e-02 -1.846334e-01 -9.189962e-02
4.582329e+00 0. 0. 0. 5.882470e-02 -1.936803e-02 -1.163311e-01 3.253627e-02 -5.953036e-02 1.841133e-01 9.964419e-02 0. 0. 0. -6.212006e-02 1.939150e-02 1.696100e-01 -4.194051e-02 4.827108e-02 -1.786569e-01 -8.845361e-02
4.620482e+00 0. 0. 0. 5.656361e-02 -1.838321e-02 -1.141716e-01 3.131573e-02 -5.689408e-02 1.784230e-01 9.604404e-02 0. 0. 0. -5.973863e-02 1.836066e-02 1.660461e-01 -4.020818e-02 4.609750e-02 -1.727998e-01 -8.510363e-02
4.658635e+00 0. 0. 0. 5.437802e-02 -1.744635e-02 -1.119939e-01 3.013283e-02 -5.436222e-02 1.728458e-01 9.254386e-02 0. 0. 0. -5.742279e-02 1.738049e-02 1.624485e-01 -3.853622e-02 4.400622e-02 -1.670627e-01 -8.184859e-02
4.696787e+00 0. 0. 0. 5.226364e-02 -1.655385e-02 -1.098039e-01 2.898784e-02 -5.193022e-02 1.673840e-01 8.914160e-02 0. 0. 0. -5.516667e-02 1.644523e-02 1.588041e-01 -3.691652e-02 4.199229e-02 -1.614367e-01 -7.868026e-02
4.734940e+00 0. 0. 0. 5.022537e-02 -1.570593e-02 -1.075982e-01 2.787780e-02 -4.959804e-02 1.620343e-01 8.583725e-02 0. 0. 0. -5.298867e-02 1.556008e-02 1.551692e-01 -3.535484e-02 4.006295e-02 -1.559472e-01 -7.561398e-02
4.773092e+00 0. 0. 0. 4.825229e-02 -1.489828e-02 -1.053887e-01 2.680402e-02 -4.735788e-02 1.568018e-01 8.262814e-02 0. 0. 0. -5.086366e-02 1.471530e-02 1.514934e-01 -3.384552e-02 3.820353e-02 -1.505671e-01 -7.263024e-02
4.811245e+00 0. 0. 0. 4.635118e-02 -1.413098e-02 -1.031711e-01 2.576432e-02 -4.521081e-02 1.516830e-01 7.951438e-02 0. 0. 0. -4.881536e-02 1.391558e-02 1.478373e-01 -3.239124e-02 3.642402e-02 -1.453235e-01 -6.974506e-02
4.849398e+00 0. 0. 0. 4.451292e-02 -1.340105e-02 -1.009544e-01 2.475854e-02 -4.315015e-02 1.466811e-01 7.649356e-02 0. 0. 0. -4.682250e-02 1.315500e-02 1.441673e-01 -3.098941e-02 3.471207e-02 -1.401977e-01 -6.694490e-02
4.887550e+00 0. 0. 0. 4.273857e-02 -1.270654e-02 -9.873890e-02 2.378597e-02 -4.117414e-02 1.417949e-01 7.356406e-02 0. 0. 0. -4.489316e-02 1.243206e-02 1.405002e-01 -2.963583e-02 3.306984e-02 -1.351948e-01 -6.423141e-02
4.925703e+00 0. 0. 0. 4.102562e-02 -1.204602e-02 -9.652778e-02 2.284549e-02 -3.927955e-02 1.370241e-01 7.072440e-02 0. 0. 0. -4.302442e-02 1.174541e-02 1.368407e-01 -2.833093e-02 3.149418e-02 -1.303146e-01 -6.160321e-02
4.963855e+00 0. 0. 0. 3.937492e-02 -1.141871e-02 -9.432160e-02 2.193638e-02 -3.746465e-02 1.323676e-01 6.797372e-02 0. 0. 0. -4.122285e-02 1.109544e-02 1.332127e-01 -2.707658e-02 2.998657e-02 -1.255659e-01 -5.906463e-02
5.002008e+00 0. 0. 0. 3.778100e-02 -1.082201e-02 -9.212540e-02 2.105801e-02 -3.572479e-02 1.278262e-01 6.530938e-02 0. 0. 0. -3.947724e-02 1.047775e-02 1.295958e-01 -2.586804e-02 2.853996e-02 -1.209360e-01 -5.660643e-02
5.040161e+00 0. 0. 0. 3.624451e-02 -1.025515e-02 -8.993939e-02 2.020933e-02 -3.405844e-02 1.233981e-01 6.273024e-02 0. 0. 0. -3.779309e-02 9.892756e-03 1.260116e-01 -2.470553e-02 2.715548e-02 -1.164326e-01 -5.423211e-02
5.078313e+00 0. 0. 0. 3.476145e-02 -9.715901e-03 -8.776800e-02 1.939007e-02 -3.246174e-02 1.190839e-01 6.023400e-02 0. 0. 0. -3.616315e-02 9.336522e-03 1.224455e-01 -2.358575e-02 2.582806e-02 -1.120459e-01 -5.193447e-02
5.116466e+00 0. 0. 0. 3.333297e-02 -9.203714e-03 -8.561057e-02 1.859903e-02 -3.093342e-02 1.148812e-01 5.781953e-02 0. 0. 0. -3.459382e-02 8.810075e-03 1.189225e-01 -2.250941e-02 2.455936e-02 -1.077849e-01 -4.971803e-02
5.154618e+00 0. 0. 0. 3.195528e-02 -8.717380e-03 -8.347182e-02 1.783574e-02 -2.947001e-02 1.107904e-01 5.548526e-02 0. 0. 0. -3.307733e-02 8.311491e-03 1.154352e-01 -2.147673e-02 2.334434e-02 -1.036439e-01 -4.757826e-02
5.192771e+00 0. 0. 0. 3.062877e-02 -8.255171e-03 -8.135050e-02 1.709907e-02 -2.806986e-02 1.068091e-01 5.322883e-02 0. 0. 0. -3.161886e-02 7.838923e-03 1.119934e-01 -2.048347e-02 2.218390e-02 -9.962369e-02 -4.551471e-02
5.230924e+00 0. 0. 0. 2.935035e-02 -7.815958e-03 -7.925037e-02 1.638869e-02 -2.672998e-02 1.029370e-01 5.104861e-02 0. 0. 0. -3.021227e-02 7.390859e-03 1.085923e-01 -1.952864e-02 2.107402e-02 -9.571996e-02 -4.352363e-02
5.269076e+00 0. 0. 0. 2.811836e-02 -7.399358e-03 -7.717327e-02 1.570367e-02 -2.544799e-02 9.917306e-02 4.894335e-02 0. 0. 0. -2.885530e-02 6.967712e-03 1.052404e-01 -1.861441e-02 2.001244e-02 -9.193412e-02 -4.160526e-02
5.307229e+00 0. 0. 0. 2.693192e-02 -7.003640e-03 -7.512003e-02 1.504346e-02 -2.422190e-02 9.551559e-02 4.691085e-02 0. 0. 0. -2.754924e-02 6.566715e-03 1.019369e-01 -1.773691e-02 1.899838e-02 -8.826256e-02 -3.975651e-02
5.345382e+00 0. 0. 0. 2.579095e-02 -6.627706e-03 -7.309015e-02 1.440708e-02 -2.305015e-02 9.196228e-02 4.494912e-02 0. 0. 0. -2.629636e-02 6.187007e-03 9.869097e-02 -1.689361e-02 1.803173e-02 -8.470665e-02 -3.797726e-02
5.383534e+00 0. 0. 0. 2.469147e-02 -6.270775e-03 -7.108745e-02 1.379411e-02 -2.192952e-02 8.851291e-02 4.305649e-02 0. 0. 0. -2.508824e-02 5.827433e-03 9.549274e-02 -1.608507e-02 1.710756e-02 -8.125955e-02 -3.626287e-02
5.421687e+00 0. 0. 0. 2.363397e-02 -5.932273e-03 -6.911153e-02 1.320380e-02 -2.085879e-02 8.516516e-02 4.123155e-02 0. 0. 0. -2.392851e-02 5.487906e-03 9.235672e-02 -1.531145e-02 1.622640e-02 -7.792499e-02 -3.461494e-02
5.459839e+00 0. 0. 0. 2.261690e-02 -5.611166e-03 -6.716368e-02 1.263540e-02 -1.983593e-02 8.191756e-02 3.947244e-02 0. 0. 0. -2.281522e-02 5.167200e-03 8.928249e-02 -1.457074e-02 1.538634e-02 -7.470016e-02 -3.303107e-02
5.497992e+00 0. 0. 0. 2.163837e-02 -5.306328e-03 -6.524472e-02 1.208823e-02 -1.885879e-02 7.876836e-02 3.777700e-02 0. 0. 0. -2.174559e-02 4.863728e-03 8.626556e-02 -1.386041e-02 1.458511e-02 -7.158038e-02 -3.150782e-02
5.536145e+00 0. 0. 0. 2.069648e-02 -5.016982e-03 -6.335651e-02 1.156189e-02 -1.792522e-02 7.571636e-02 3.614358e-02 0. 0. 0. -2.071683e-02 4.576401e-03 8.330363e-02 -1.318014e-02 1.382049e-02 -6.856215e-02 -3.004264e-02
5.574297e+00 0. 0. 0. 1.979228e-02 -4.742978e-03 -6.149819e-02 1.105532e-02 -1.703450e-02 7.275902e-02 3.457111e-02 0. 0. 0. -1.973297e-02 4.306113e-03 8.041620e-02 -1.253080e-02 1.309337e-02 -6.565152e-02 -2.863859e-02
5.612450e+00 0. 0. 0. 1.892157e-02 -4.482594e-03 -5.967217e-02 1.056852e-02 -1.618364e-02 6.989543e-02 3.305683e-02 0. 0. 0. -1.878578e-02 4.049422e-03 7.757795e-02 -1.190758e-02 1.239919e-02 -6.283485e-02 -2.728706e-02
5.650602e+00 0. 0. 0. 1.808577e-02 -4.236161e-03 -5.787789e-02 1.010033e-02 -1.537207e-02 6.712317e-02 3.160015e-02 0. 0. 0. -1.787986e-02 3.808117e-03 7.481379e-02 -1.131367e-02 1.173914e-02 -6.012064e-02 -2.599274e-02
5.688755e+00 0. 0. 0. 1.728267e-02 -4.002198e-03 -5.611585e-02 9.650364e-03 -1.459772e-02 6.444042e-02 3.019855e-02 0. 0. 0. -1.701185e-02 3.579663e-03 7.211089e-02 -1.074444e-02 1.111089e-02 -5.750071e-02 -2.475025e-02
5.726908e+00 0. 0. 0. 1.651149e-02 -3.780616e-03 -5.438688e-02 9.217903e-03 -1.385926e-02 6.184543e-02 2.885094e-02 0. 0. 0. -1.618066e-02 3.364434e-03 6.947581e-02 -1.020124e-02 1.051323e-02 -5.497575e-02 -2.355971e-02
5.765060e+00 0. 0. 0. 1.577111e-02 -3.570690e-03 -5.269150e-02 8.802619e-03 -1.315514e-02 5.933649e-02 2.755564e-02 0. 0. 0. -1.538543e-02 3.161465e-03 6.690797e-02 -9.682875e-03 9.944969e-03 -5.254301e-02 -2.241918e-02
5.803213e+00 0. 0. 0. 1.506011e-02 -3.371739e-03 -5.102989e-02 8.403870e-03 -1.248380e-02 5.691155e-02 2.631083e-02 0. 0. 0. -1.462384e-02 2.969893e-03 6.440401e-02 -9.187794e-03 9.404411e-03 -5.019884e-02 -2.132619e-02
5.841365e+00 0. 0. 0. 1.437743e-02 -3.183222e-03 -4.940225e-02 8.021043e-03 -1.184382e-02 5.456873e-02 2.511493e-02 0. 0. 0. -1.389481e-02 2.789163e-03 6.196421e-02 -8.715158e-03 8.890382e-03 -4.794106e-02 -2.027920e-02
5.879518e+00 0. 0. 0. 1.372268e-02 -3.004787e-03 -4.780860e-02 7.653567e-03 -1.123414e-02 5.230601e-02 2.396662e-02 0. 0. 0. -1.319835e-02 2.619094e-03 5.959312e-02 -8.264643e-03 8.402238e-03 -4.576947e-02 -1.927782e-02
5.917671e+00 0. 0. 0. 1.309453e-02 -2.835587e-03 -4.624887e-02 7.301027e-03 -1.065332e-02 5.012143e-02 2.286405e-02 0. 0. 0. -1.253302e-02 2.458318e-03 5.728528e-02 -7.834091e-03 7.938678e-03 -4.367945e-02 -1.831912e-02
5.955823e+00 0. 0. 0. 1.249233e-02 -2.675668e-03 -4.472388e-02 6.962886e-03 -1.010025e-02 4.801339e-02 2.180627e-02 0. 0. 0. -1.189760e-02 2.307424e-03 5.504666e-02 -7.424878e-03 7.498634e-03 -4.167164e-02 -1.740330e-02
5.993976e+00 0. 0. 0. 1.191409e-02 -2.523969e-03 -4.323328e-02 6.638703e-03 -9.573295e-03 4.597981e-02 2.079106e-02 0. 0. 0. -1.128910e-02 2.164609e-03 5.286497e-02 -7.033561e-03 7.080225e-03 -3.973872e-02 -1.652594e-02
6.032129e+00 0. 0. 0. 1.136068e-02 -2.380675e-03 -4.177700e-02 6.327875e-03 -9.072039e-03 4.401876e-02 1.981785e-02 0. 0. 0. -1.071008e-02 2.030731e-03 5.075547e-02 -6.661993e-03 6.683982e-03 -3.788510e-02 -1.568938e-02
6.070281e+00 0. 0. 0. 1.082984e-02 -2.244961e-03 -4.035513e-02 6.029963e-03 -8.594803e-03 4.212844e-02 1.888463e-02 0. 0. 0. -1.015649e-02 1.904449e-03 4.870559e-02 -6.307661e-03 6.307665e-03 -3.610358e-02 -1.488939e-02
6.108434e+00 0. 0. 0. 1.032157e-02 -2.116413e-03 -3.896703e-02 5.744563e-03 -8.140872e-03 4.030676e-02 1.799015e-02 0. 0. 0. -9.629415e-03 1.785320e-03 4.671927e-02 -5.969626e-03 5.951210e-03 -3.439387e-02 -1.412558e-02
6.146586e+00 0. 0. 0. 9.834650e-03 -1.995049e-03 -3.761378e-02 5.471295e-03 -7.709069e-03 3.855237e-02 1.713344e-02 0. 0. 0. -9.126340e-03 1.673619e-03 4.479660e-02 -5.649067e-03 5.613119e-03 -3.275431e-02 -1.339699e-02
6.184739e+00 0. 0. 0. 9.368234e-03 -1.880126e-03 -3.629420e-02 5.209614e-03 -7.298374e-03 3.686299e-02 1.631273e-02 0. 0. 0. -8.646675e-03 1.568283e-03 4.293318e-02 -5.343472e-03 5.292651e-03 -3.118114e-02 -1.270134e-02
6.222892e+00 0. 0. 0. 8.921723e-03 -1.771558e-03 -3.500864e-02 4.959107e-03 -6.907933e-03 3.523706e-02 1.552707e-02 0. 0. 0. -8.189497e-03 1.469397e-03 4.113103e-02 -5.053257e-03 4.989005e-03 -2.967354e-02 -1.203811e-02
6.261044e+00 0. 0. 0. 8.494037e-03 -1.668872e-03 -3.375658e-02 4.719396e-03 -6.536697e-03 3.367264e-02 1.477496e-02 0. 0. 0. -7.753327e-03 1.376305e-03 3.938581e-02 -4.777147e-03 4.701142e-03 -2.822803e-02 -1.140527e-02
6.299197e+00 0. 0. 0. 8.085453e-03 -1.571830e-03 -3.253729e-02 4.490051e-03 -6.184171e-03 3.216772e-02 1.405542e-02 0. 0. 0. -7.339630e-03 1.288867e-03 3.770334e-02 -4.514823e-03 4.429230e-03 -2.684520e-02 -1.080303e-02
6.337349e+00 0. 0. 0. 7.694168e-03 -1.480131e-03 -3.135119e-02 4.270778e-03 -5.849086e-03 3.072090e-02 1.336710e-02 0. 0. 0. -6.944952e-03 1.206653e-03 3.607561e-02 -4.265720e-03 4.171503e-03 -2.552034e-02 -1.022880e-02
6.375502e+00 0. 0. 0. 7.320099e-03 -1.393494e-03 -3.019746e-02 4.061041e-03 -5.530884e-03 2.933022e-02 1.270891e-02 0. 0. 0. -6.569707e-03 1.129472e-03 3.450518e-02 -4.029088e-03 3.927759e-03 -2.425289e-02 -9.682163e-03
6.413655e+00 0. 0. 0. 6.962200e-03 -1.311592e-03 -2.907582e-02 3.860615e-03 -5.228644e-03 2.799402e-02 1.207962e-02 0. 0. 0. -6.212384e-03 1.056804e-03 3.298760e-02 -3.804209e-03 3.697029e-03 -2.303955e-02 -9.161310e-03
6.451807e+00 0. 0. 0. 6.620717e-03 -1.234348e-03 -2.798602e-02 3.669060e-03 -4.941967e-03 2.671066e-02 1.147850e-02 0. 0. 0. -5.873924e-03 9.888095e-04 3.152901e-02 -3.591215e-03 3.479359e-03 -2.188131e-02 -8.666699e-03
6.489960e+00 0. 0. 0. 6.293705e-03 -1.161275e-03 -2.692744e-02 3.486093e-03 -4.669621e-03 2.547845e-02 1.090395e-02 0. 0. 0. -5.550882e-03 9.246875e-04 3.011758e-02 -3.388576e-03 3.273060e-03 -2.077212e-02 -8.195057e-03
6.528112e+00 0. 0. 0. 5.981757e-03 -1.092433e-03 -2.590011e-02 3.311383e-03 -4.411394e-03 2.429589e-02 1.035550e-02 0. 0. 0. -5.244821e-03 8.647726e-04 2.876199e-02 -3.197017e-03 3.078450e-03 -1.971401e-02 -7.747447e-03
6.566265e+00 0. 0. 0. 5.683647e-03 -1.027439e-03 -2.490326e-02 3.144596e-03 -4.166378e-03 2.316128e-02 9.831837e-03 0. 0. 0. -4.953779e-03 8.085015e-04 2.745543e-02 -3.015341e-03 2.894463e-03 -1.870299e-02 -7.321717e-03
6.604418e+00 0. 0. 0. 5.399032e-03 -9.660366e-04 -2.393617e-02 2.985349e-03 -3.934032e-03 2.207297e-02 9.331972e-03 0. 0. 0. -4.677591e-03 7.556087e-04 2.619764e-02 -2.842802e-03 2.720754e-03 -1.773768e-02 -6.917086e-03
6.642570e+00 0. 0. 0. 5.127314e-03 -9.081472e-04 -2.299884e-02 2.833420e-03 -3.713731e-03 2.102960e-02 8.855097e-03 0. 0. 0. -4.415348e-03 7.060673e-04 2.498795e-02 -2.679530e-03 2.556713e-03 -1.681660e-02 -6.532801e-03
6.680723e+00 0. 0. 0. 4.868115e-03 -8.535512e-04 -2.209053e-02 2.688513e-03 -3.504954e-03 2.002956e-02 8.400271e-03 0. 0. 0. -4.166771e-03 6.596273e-04 2.382568e-02 -2.524935e-03 2.401974e-03 -1.593827e-02 -6.168060e-03
6.718876e+00 0. 0. 0. 4.620751e-03 -8.020537e-04 -2.121075e-02 2.550335e-03 -3.307088e-03 1.907140e-02 7.966563e-03 0. 0. 0. -3.930852e-03 6.160689e-04 2.270818e-02 -2.378513e-03 2.255913e-03 -1.510056e-02 -5.821741e-03
6.757028e+00 0. 0. 0. 4.384835e-03 -7.534947e-04 -2.035890e-02 2.418569e-03 -3.119634e-03 1.815365e-02 7.553130e-03 0. 0. 0. -3.707253e-03 5.752571e-04 2.163509e-02 -2.239902e-03 2.118170e-03 -1.430218e-02 -5.493188e-03
6.795181e+00 0. 0. 0. 4.159975e-03 -7.077280e-04 -1.953448e-02 2.293003e-03 -2.942126e-03 1.727492e-02 7.159181e-03 0. 0. 0. -3.495521e-03 5.370206e-04 2.060548e-02 -2.108771e-03 1.988355e-03 -1.354172e-02 -5.181662e-03
6.833333e+00 0. 0. 0. 3.945521e-03 -6.645938e-04 -1.873700e-02 2.173379e-03 -2.774008e-03 1.643385e-02 6.783871e-03 0. 0. 0. -3.294710e-03 5.011949e-04 1.961684e-02 -1.984731e-03 1.865906e-03 -1.281720e-02 -4.886161e-03
6.871486e+00 0. 0. 0. 3.741066e-03 -6.239729e-04 -1.796601e-02 2.059468e-03 -2.614828e-03 1.562915e-02 6.426457e-03 0. 0. 0. -3.104345e-03 4.676753e-04 1.866837e-02 -1.867549e-03 1.750452e-03 -1.212735e-02 -4.606042e-03
6.909639e+00 0. 0. 0. 3.546507e-03 -5.856758e-04 -1.722060e-02 1.950923e-03 -2.464261e-03 1.485935e-02 6.086186e-03 0. 0. 0. -2.924626e-03 4.362715e-04 1.776047e-02 -1.756620e-03 1.641874e-03 -1.147131e-02 -4.340862e-03
6.947791e+00 0. 0. 0. 3.360931e-03 -5.496126e-04 -1.650058e-02 1.847661e-03 -2.321709e-03 1.412335e-02 5.762290e-03 0. 0. 0. -2.753972e-03 4.068554e-04 1.688874e-02 -1.651837e-03 1.539413e-03 -1.084659e-02 -4.089379e-03
6.985944e+00 0. 0. 0. 3.184402e-03 -5.156869e-04 -1.580534e-02 1.749368e-03 -2.186930e-03 1.341987e-02 5.454192e-03 0. 0. 0. -2.592819e-03 3.793957e-04 1.605530e-02 -1.552976e-03 1.443061e-03 -1.025305e-02 -3.851540e-03
7.024096e+00 0. 0. 0. 3.016179e-03 -4.837015e-04 -1.513404e-02 1.655847e-03 -2.059406e-03 1.274759e-02 5.161034e-03 0. 0. 0. -2.440107e-03 3.536259e-04 1.525595e-02 -1.459422e-03 1.352267e-03 -9.688298e-03 -3.626149e-03
7.062249e+00 0. 0. 0. 2.856266e-03 -4.536371e-04 -1.448649e-02 1.566900e-03 -1.938904e-03 1.210549e-02 4.882372e-03 0. 0. 0. -2.296019e-03 3.295976e-04 1.449261e-02 -1.371269e-03 1.266949e-03 -9.152223e-03 -3.413178e-03
7.100402e+00 0. 0. 0. 2.704109e-03 -4.253355e-04 -1.386188e-02 1.482338e-03 -1.825001e-03 1.149232e-02 4.617460e-03 0. 0. 0. -2.159810e-03 3.071041e-04 1.376229e-02 -1.288033e-03 1.186688e-03 -8.642939e-03 -3.211697e-03
7.138554e+00 0. 0. 0. 2.559224e-03 -3.986835e-04 -1.325959e-02 1.401939e-03 -1.717313e-03 1.090696e-02 4.365641e-03 0. 0. 0. -2.030810e-03 2.860327e-04 1.306281e-02 -1.209380e-03 1.111105e-03 -8.158912e-03 -3.020967e-03
7.176707e+00 0. 0. 0. 2.421623e-03 -3.736509e-04 -1.267935e-02 1.325543e-03 -1.615639e-03 1.034845e-02 4.126502e-03 0. 0. 0. -1.909227e-03 2.664043e-04 1.239580e-02 -1.135343e-03 1.040151e-03 -7.700009e-03 -2.840946e-03
7.214859e+00 0. 0. 0. 2.290701e-03 -3.500980e-04 -1.212033e-02 1.252983e-03 -1.519572e-03 9.815628e-03 3.899339e-03 0. 0. 0. -1.794211e-03 2.480319e-04 1.175775e-02 -1.065485e-03 9.733913e-04 -7.264259e-03 -2.670686e-03
7.253012e+00 0. 0. 0. 2.166405e-03 -3.279624e-04 -1.158206e-02 1.184056e-03 -1.428908e-03 9.307513e-03 3.683698e-03 0. 0. 0. -1.685859e-03 2.308899e-04 1.114946e-02 -9.996593e-04 9.107478e-04 -6.851280e-03 -2.510020e-03
7.291165e+00 0. 0. 0. 2.048157e-03 -3.071564e-04 -1.106395e-02 1.118633e-03 -1.343267e-03 8.823118e-03 3.478982e-03 0. 0. 0. -1.583326e-03 2.148741e-04 1.056793e-02 -9.376417e-04 8.518087e-04 -6.459382e-03 -2.358148e-03
7.329317e+00 0. 0. 0. 1.935933e-03 -2.876050e-04 -1.056546e-02 1.056524e-03 -1.262476e-03 8.361477e-03 3.284756e-03 0. 0. 0. -1.486768e-03 1.999263e-04 1.001378e-02 -8.792211e-04 7.965251e-04 -6.088157e-03 -2.214895e-03
7.367470e+00 0. 0. 0. 1.829427e-03 -2.692310e-04 -1.008599e-02 9.975765e-04 -1.186270e-03 7.921660e-03 3.100523e-03 0. 0. 0. -1.395805e-03 1.859686e-04 9.485674e-03 -8.241762e-04 7.446647e-04 -5.736546e-03 -2.079768e-03
7.405622e+00 0. 0. 0. 1.728223e-03 -2.519821e-04 -9.625094e-03 9.416873e-04 -1.114356e-03 7.502804e-03 2.925804e-03 0. 0. 0. -1.309845e-03 1.729484e-04 8.981676e-03 -7.724016e-04 6.959271e-04 -5.403327e-03 -1.952206e-03
7.443775e+00 0. 0. 0. 1.632225e-03 -2.357849e-04 -9.182187e-03 8.886728e-04 -1.046556e-03 7.104014e-03 2.760178e-03 0. 0. 0. -1.228916e-03 1.608077e-04 8.501845e-03 -7.236740e-04 6.502336e-04 -5.087970e-03 -1.831975e-03
7.481928e+00 0. 0. 0. 1.541136e-03 -2.205607e-04 -8.756613e-03 8.383994e-04 -9.826311e-04 6.724409e-03 2.603179e-03 0. 0. 0. -1.152666e-03 1.494581e-04 8.044658e-03 -6.777560e-04 6.073778e-04 -4.789435e-03 -1.718599e-03
7.520080e+00 0. 0. 0. 1.454763e-03 -2.062927e-04 -8.348106e-03 7.907734e-04 -9.223901e-04 6.363281e-03 2.454469e-03 0. 0. 0. -1.080851e-03 1.389048e-04 7.609728e-03 -6.346636e-04 5.671984e-04 -4.507105e-03 -1.611815e-03
7.558233e+00 0. 0. 0. 1.372819e-03 -1.928965e-04 -7.955956e-03 7.456450e-04 -8.656120e-04 6.019780e-03 2.313597e-03 0. 0. 0. -1.013161e-03 1.290552e-04 7.195518e-03 -5.941175e-04 5.295125e-04 -4.239979e-03 -1.511164e-03
7.596386e+00 0. 0. 0. 1.295157e-03 -1.803170e-04 -7.579642e-03 7.028760e-04 -8.121319e-04 5.693142e-03 2.180199e-03 0. 0. 0. -9.494689e-04 1.198641e-04 6.801523e-03 -5.559520e-04 4.942071e-04 -3.987434e-03 -1.416375e-03
7.634538e+00 0. 0. 0. 1.221546e-03 -1.685329e-04 -7.218808e-03 6.624059e-04 -7.617632e-04 5.382698e-03 2.053945e-03 0. 0. 0. -8.894899e-04 1.113142e-04 6.426892e-03 -5.201532e-04 4.611185e-04 -3.748758e-03 -1.327140e-03
7.672691e+00 0. 0. 0. 1.151840e-03 -1.574793e-04 -6.872867e-03 6.240853e-04 -7.143501e-04 5.087702e-03 1.934475e-03 0. 0. 0. -8.331200e-04 1.033481e-04 6.071028e-03 -4.865094e-04 4.301487e-04 -3.523337e-03 -1.243190e-03
7.710843e+00 0. 0. 0. 1.085795e-03 -1.471139e-04 -6.541309e-03 5.878197e-04 -6.697126e-04 4.807466e-03 1.821441e-03 0. 0. 0. -7.800707e-04 9.592506e-05 5.732769e-03 -4.549055e-04 4.011404e-04 -3.310389e-03 -1.164183e-03
7.748996e+00 0. 0. 0. 1.023269e-03 -1.373999e-04 -6.223687e-03 5.535057e-04 -6.277099e-04 4.541348e-03 1.714544e-03 0. 0. 0. -7.302048e-04 8.901652e-05 5.411587e-03 -4.252398e-04 3.739915e-04 -3.109364e-03 -1.089885e-03
7.787149e+00 0. 0. 0. 9.641061e-04 -1.282970e-04 -5.919537e-03 5.210516e-04 -5.882018e-04 4.288715e-03 1.613482e-03 0. 0. 0. -6.833724e-04 8.258552e-05 5.106821e-03 -3.973970e-04 3.485993e-04 -2.919690e-03 -1.020050e-03
7.825301e+00 0. 0. 0. 9.080920e-04 -1.197680e-04 -5.628364e-03 4.903652e-04 -5.510327e-04 4.048949e-03 1.517947e-03 0. 0. 0. -6.393284e-04 7.659871e-05 4.817440e-03 -3.712704e-04 3.248318e-04 -2.740683e-03 -9.543855e-04
7.863454e+00 0. 0. 0. 8.551229e-04 -1.117799e-04 -5.349751e-03 4.613579e-04 -5.160896e-04 3.821477e-03 1.427681e-03 0. 0. 0. -5.979928e-04 7.103007e-05 4.543090e-03 -3.467674e-04 3.026160e-04 -2.571906e-03 -8.927093e-04
7.901606e+00 0. 0. 0. 8.050036e-04 -1.043026e-04 -5.083266e-03 4.339475e-04 -4.832339e-04 3.605745e-03 1.342412e-03 0. 0. 0. -5.591378e-04 6.585433e-05 4.282837e-03 -3.238011e-04 2.818328e-04 -2.412750e-03 -8.347610e-04
7.939759e+00 0. 0. 0. 7.575918e-04 -9.729528e-05 -4.828386e-03 4.080511e-04 -4.523483e-04 3.401182e-03 1.261869e-03 0. 0. 0. -5.226334e-04 6.102967e-05 4.035924e-03 -3.022434e-04 2.623970e-04 -2.262670e-03 -7.803109e-04
7.977912e+00 0. 0. 0. 7.128457e-04 -9.074725e-05 -4.584899e-03 3.835989e-04 -4.233530e-04 3.207338e-03 1.185870e-03 0. 0. 0. -4.884630e-04 5.655933e-05 3.802479e-03 -2.820797e-04 2.442654e-04 -2.121438e-03 -7.292747e-04
8.016064e+00 0. 0. 0. 6.705029e-04 -8.461344e-05 -4.352174e-03 3.605099e-04 -3.960977e-04 3.023641e-03 1.114114e-03 0. 0. 0. -4.563235e-04 5.239434e-05 3.580953e-03 -2.631640e-04 2.273011e-04 -1.988282e-03 -6.813186e-04
8.054217e+00 0. 0. 0. 6.305264e-04 -7.887745e-05 -4.129947e-03 3.387163e-04 -3.705111e-04 2.849651e-03 1.046423e-03 0. 0. 0. -4.262099e-04 4.852789e-05 3.371383e-03 -2.454561e-04 2.114685e-04 -1.862969e-03 -6.363549e-04
8.092369e+00 0. 0. 0. 5.927597e-04 -7.351409e-05 -3.917779e-03 3.181581e-04 -3.464858e-04 2.684894e-03 9.825720e-04 0. 0. 0. -3.979527e-04 4.493612e-05 3.172956e-03 -2.288833e-04 1.966797e-04 -1.744995e-03 -5.941750e-04
8.130522e+00 0. 0. 0. 5.571104e-04 -6.849816e-05 -3.715299e-03 2.987605e-04 -3.239388e-04 2.528929e-03 9.223636e-04 0. 0. 0. -3.714766e-04 4.160010e-05 2.985276e-03 -2.133661e-04 1.828800e-04 -1.634009e-03 -5.546365e-04
8.168675e+00 0. 0. 0. 5.234699e-04 -6.380646e-05 -3.522124e-03 2.804624e-04 -3.027846e-04 2.381333e-03 8.656061e-04 0. 0. 0. -3.466812e-04 3.849983e-05 2.807822e-03 -1.988356e-04 1.700084e-04 -1.529631e-03 -5.175848e-04
8.206827e+00 0. 0. 0. 4.917347e-04 -5.942634e-05 -3.337942e-03 2.632180e-04 -2.829433e-04 2.241723e-03 8.121282e-04 0. 0. 0. -3.234584e-04 3.562759e-05 2.640149e-03 -1.852620e-04 1.580035e-04 -1.431520e-03 -4.828834e-04
8.244980e+00 0. 0. 0. 4.617706e-04 -5.533019e-05 -3.162314e-03 2.469638e-04 -2.643261e-04 2.109666e-03 7.617289e-04 0. 0. 0. -3.016745e-04 3.295659e-05 2.481488e-03 -1.725542e-04 1.467963e-04 -1.339231e-03 -4.503502e-04
8.283133e+00 0. 0. 0. 4.335414e-04 -5.150638e-05 -2.994993e-03 2.316492e-04 -2.468805e-04 1.984831e-03 7.142742e-04 0. 0. 0. -2.813135e-04 3.048201e-05 2.331787e-03 -1.606816e-04 1.363586e-04 -1.252572e-03 -4.199133e-04
8.321285e+00 0. 0. 0. 4.069130e-04 -4.793581e-05 -2.835596e-03 2.172278e-04 -2.305237e-04 1.866843e-03 6.695886e-04 0. 0. 0. -2.622376e-04 2.818634e-05 2.190336e-03 -1.495881e-04 1.266241e-04 -1.171143e-03 -3.914109e-04
8.359438e+00 0. 0. 0. 3.818155e-04 -4.460077e-05 -2.683799e-03 2.036430e-04 -2.151958e-04 1.755360e-03 6.275241e-04 0. 0. 0. -2.443875e-04 2.605667e-05 2.056796e-03 -1.392165e-04 1.175534e-04 -1.094675e-03 -3.647372e-04
8.397590e+00 0. 0. 0. 3.581671e-04 -4.148733e-05 -2.539295e-03 1.908559e-04 -2.008356e-04 1.650052e-03 5.879381e-04 0. 0. 0. -2.276898e-04 2.408097e-05 1.930764e-03 -1.295270e-04 1.091034e-04 -1.022889e-03 -3.397819e-04
8.435743e+00 0. 0. 0. 3.358841e-04 -3.858141e-05 -2.401776e-03 1.788224e-04 -1.873837e-04 1.550613e-03 5.506952e-04 0. 0. 0. -2.120677e-04 2.224904e-05 1.811836e-03 -1.204779e-04 1.012319e-04 -9.555122e-04 -3.164384e-04
8.473896e+00 0. 0. 0. 3.149226e-04 -3.587325e-05 -2.271028e-03 1.675033e-04 -1.747945e-04 1.456759e-03 5.156805e-04 0. 0. 0. -1.974894e-04 2.055565e-05 1.699857e-03 -1.120421e-04 9.391175e-05 -8.923577e-04 -2.946370e-04
8.512048e+00 0. 0. 0. 2.951625e-04 -3.334243e-05 -2.146635e-03 1.568491e-04 -1.630011e-04 1.368161e-03 4.827410e-04 0. 0. 0. -1.838325e-04 1.898117e-05 1.594095e-03 -1.041499e-04 8.708826e-05 -8.330648e-04 -2.742318e-04
8.550201e+00 0. 0. 0. 2.765816e-04 -3.098656e-05 -2.028441e-03 1.468397e-04 -1.519700e-04 1.284607e-03 4.517950e-04 0. 0. 0. -1.710897e-04 1.752720e-05 1.494559e-03 -9.680321e-05 8.074462e-05 -7.775211e-04 -2.551847e-04
8.588353e+00 0. 0. 0. 2.591002e-04 -2.878847e-05 -1.916134e-03 1.374271e-04 -1.416493e-04 1.205799e-03 4.227135e-04 0. 0. 0. -1.591895e-04 1.617900e-05 1.400791e-03 -8.994361e-05 7.484410e-05 -7.254611e-04 -2.373916e-04
8.626506e+00 0. 0. 0. 2.426514e-04 -2.673931e-05 -1.809452e-03 1.285813e-04 -1.319942e-04 1.131501e-03 3.953932e-04 0. 0. 0. -1.480691e-04 1.493049e-05 1.312453e-03 -8.354491e-05 6.935427e-05 -6.766752e-04 -2.207717e-04
8.664659e+00 0. 0. 0. 2.271893e-04 -2.483158e-05 -1.708190e-03 1.202733e-04 -1.229671e-04 1.061477e-03 3.697403e-04 0. 0. 0. -1.376919e-04 1.377674e-05 1.229341e-03 -7.758681e-05 6.425139e-05 -6.309937e-04 -2.052622e-04
8.702811e+00 0. 0. 0. 2.126499e-04 -2.305398e-05 -1.612059e-03 1.124730e-04 -1.145275e-04 9.955081e-04 3.456573e-04 0. 0. 0. -1.280030e-04 1.270834e-05 1.151102e-03 -7.203284e-05 5.950725e-05 -5.882171e-04 -1.907855e-04
8.740964e+00 0. 0. 0. 1.989876e-04 -2.139805e-05 -1.520855e-03 1.051470e-04 -1.066398e-04 9.333644e-04 3.230527e-04 0. 0. 0. -1.189654e-04 1.172000e-05 1.077516e-03 -6.685715e-05 5.509947e-05 -5.481803e-04 -1.772807e-04
8.779116e+00 0. 0. 0. 1.861507e-04 -1.985573e-05 -1.434352e-03 9.826933e-05 -9.926913e-05 8.748401e-04 3.018405e-04 0. 0. 0. -1.105331e-04 1.080537e-05 1.008301e-03 -6.203469e-05 5.100385e-05 -5.107107e-04 -1.646824e-04
8.817269e+00 0. 0. 0. 1.740946e-04 -1.842056e-05 -1.352339e-03 9.181711e-05 -9.238441e-05 8.197514e-04 2.819446e-04 0. 0. 0. -1.026716e-04 9.960158e-06 9.432478e-04 -5.754634e-05 4.720060e-05 -4.756650e-04 -1.529377e-04
8.855422e+00 0. 0. 0. 1.627786e-04 -1.708478e-05 -1.274618e-03 8.576373e-05 -8.595621e-05 7.679104e-04 2.632887e-04 0. 0. 0. -9.534864e-05 9.178823e-06 8.821432e-04 -5.336757e-05 4.367102e-05 -4.429009e-04 -1.419936e-04
8.893574e+00 0. 0. 0. 1.521519e-04 -1.584180e-05 -1.200963e-03 8.008771e-05 -7.995374e-05 7.191429e-04 2.457986e-04 0. 0. 0. -8.851920e-05 8.456468e-06 8.247129e-04 -4.947836e-05 4.039340e-05 -4.122652e-04 -1.317924e-04
8.931727e+00 0. 0. 0. 1.421837e-04 -1.468566e-05 -1.131209e-03 7.476572e-05 -7.435250e-05 6.732806e-04 2.294088e-04 0. 0. 0. -8.216152e-05 7.789231e-06 7.708086e-04 -4.586037e-05 3.735344e-05 -3.836439e-04 -1.222929e-04
8.969880e+00 0. 0. 0. 1.328295e-04 -1.361061e-05 -1.065171e-03 6.977834e-05 -6.912464e-05 6.301538e-04 2.140502e-04 0. 0. 0. -7.623656e-05 7.172920e-06 7.201901e-04 -4.249574e-05 3.453216e-05 -3.568990e-04 -1.134440e-04
9.008032e+00 0. 0. 0. 1.240598e-04 -1.261143e-05 -1.002676e-03 6.510489e-05 -6.424875e-05 5.896223e-04 1.996666e-04 0. 0. 0. -7.072373e-05 6.604282e-06 6.727144e-04 -3.936851e-05 3.191682e-05 -3.319292e-04 -1.052092e-04
9.046185e+00 0. 0. 0. 1.158313e-04 -1.168205e-05 -9.435315e-04 6.072752e-05 -5.969968e-05 5.515340e-04 1.861949e-04 0. 0. 0. -6.558545e-05 6.078330e-06 6.281318e-04 -3.645922e-05 2.948992e-05 -3.086032e-04 -9.753946e-05
9.084337e+00 0. 0. 0. 1.081218e-04 -1.081930e-05 -8.876132e-04 5.663019e-05 -5.545903e-05 5.157584e-04 1.735859e-04 0. 0. 0. -6.080669e-05 5.593800e-06 5.863494e-04 -3.375896e-05 2.724119e-05 -2.868395e-04 -9.040649e-05
9.122490e+00 0. 0. 0. 1.008972e-04 -1.001654e-05 -8.347303e-04 5.279034e-05 -5.150589e-05 4.821559e-04 1.617829e-04 0. 0. 0. -5.636154e-05 5.145617e-06 5.471695e-04 -3.124541e-05 2.515748e-05 -2.665292e-04 -8.377019e-05
9.160643e+00 0. 0. 0. 9.413067e-05 -9.272048e-06 -7.847667e-04 4.919947e-05 -4.782243e-05 4.506155e-04 1.507427e-04 0. 0. 0. -5.222767e-05 4.733148e-06 5.104670e-04 -2.891542e-05 2.322723e-05 -2.475894e-04 -7.760129e-05
9.198795e+00 0. 0. 0. 8.778966e-05 -8.580426e-06 -7.375397e-04 4.584023e-05 -4.439034e-05 4.210225e-04 1.404171e-04 0. 0. 0. -4.837995e-05 4.352234e-06 4.760527e-04 -2.675062e-05 2.143840e-05 -2.299226e-04 -7.186384e-05
9.236948e+00 0. 0. 0. 8.185773e-05 -7.938450e-06 -6.929677e-04 4.269711e-05 -4.119405e-05 3.932444e-04 1.307603e-04 0. 0. 0. -4.480703e-05 4.001163e-06 4.438478e-04 -2.474124e-05 1.978294e-05 -2.134566e-04 -6.653354e-05
9.275100e+00 0. 0. 0. 7.630270e-05 -7.342496e-06 -6.508715e-04 3.975821e-05 -3.821731e-05 3.671934e-04 1.217331e-04 0. 0. 0. -4.148422e-05 3.677331e-06 4.136793e-04 -2.287601e-05 1.824984e-05 -1.981083e-04 -6.157973e-05
9.313253e+00 0. 0. 0. 7.110993e-05 -6.789866e-06 -6.111398e-04 3.701178e-05 -3.544872e-05 3.427865e-04 1.133036e-04 0. 0. 0. -3.840381e-05 3.379236e-06 3.854807e-04 -2.114680e-05 1.683316e-05 -1.838245e-04 -5.698410e-05
9.351406e+00 0. 0. 0. 6.624751e-05 -6.276848e-06 -5.736542e-04 3.444457e-05 -3.286969e-05 3.198885e-04 1.054217e-04 0. 0. 0. -3.553662e-05 3.104104e-06 3.590600e-04 -1.954166e-05 1.552049e-05 -1.705070e-04 -5.271160e-05
9.389558e+00 0. 0. 0. 6.170376e-05 -5.801504e-06 -5.383058e-04 3.204706e-05 -3.047143e-05 2.984390e-04 9.806346e-05 0. 0. 0. -3.287791e-05 2.851069e-06 3.343712e-04 -1.805482e-05 1.430741e-05 -1.581157e-04 -4.874865e-05
9.427711e+00 0. 0. 0. 5.745415e-05 -5.360579e-06 -4.996241e-04 2.980585e-05 -2.824012e-05 2.783407e-04 9.119146e-05 0. 0. 0. -3.040811e-05 2.617878e-06 3.112747e-04 -1.667592e-05 1.318510e-05 -1.465774e-04 -4.506941e-05
9.465863e+00 0. 0. 0. 5.348384e-05 -4.951884e-06 -4.583158e-04 2.771458e-05 -2.616526e-05 2.595152e-04 8.477633e-05 0. 0. 0. -2.811768e-05 2.403118e-06 2.896940e-04 -1.539790e-05 1.214798e-05 -1.358431e-04 -4.165682e-05
9.504016e+00 0. 0. 0. 4.907788e-05 -4.573268e-06 -4.150877e-04 2.540601e-05 -2.423598e-05 2.384665e-04 7.770099e-05 0. 0. 0. -2.599044e-05 2.205519e-06 2.657724e-04 -1.421437e-05 1.118887e-05 -1.258552e-04 -3.849066e-05
9.542169e+00 0. 0. 0. 4.434143e-05 -4.155380e-06 -3.706466e-04 2.293372e-05 -2.207809e-05 2.157166e-04 7.012888e-05 0. 0. 0. -2.363350e-05 2.023616e-06 2.400775e-04 -1.311808e-05 1.030350e-05 -1.146721e-04 -3.498854e-05
9.580321e+00 0. 0. 0. 3.937964e-05 -3.708995e-06 -3.256993e-04 2.035129e-05 -1.975107e-05 1.917874e-04 6.222340e-05 0. 0. 0. -2.110888e-05 1.821699e-06 2.131769e-04 -1.186851e-05 9.304642e-06 -1.026035e-04 -3.124179e-05
9.618474e+00 0. 0. 0. 3.429765e-05 -3.244890e-06 -2.809524e-04 1.771230e-05 -1.731439e-05 1.672007e-04 5.414799e-05 0. 0. 0. -1.847856e-05 1.605785e-06 1.856380e-04 -1.050759e-05 8.224363e-06 -8.995918e-05 -2.734172e-05
9.656627e+00 0. 0. 0. 2.920062e-05 -2.773841e-06 -2.371128e-04 1.507033e-05 -1.482752e-05 1.424785e-04 4.606606e-05 0. 0. 0. -1.580452e-05 1.381886e-06 1.580283e-04 -9.077267e-06 7.094741e-06 -7.704886e-05 -2.337966e-05
9.694779e+00 0. 0. 0. 2.419369e-05 -2.306624e-06 -1.948872e-04 1.247898e-05 -1.234994e-05 1.181428e-04 3.814104e-05 0. 0. 0. -1.314877e-05 1.156020e-06 1.309155e-04 -7.619463e-06 5.947850e-06 -6.418235e-05 -1.944694e-05
9.732932e+00 0. 0. 0. 1.938201e-05 -1.854015e-06 -1.549825e-04 9.991810e-06 -9.941104e-06 9.471549e-05 3.053634e-05 0. 0. 0. -1.057330e-05 9.341989e-07 1.048669e-04 -6.176116e-06 4.815766e-06 -5.166942e-05 -1.563487e-05
9.771084e+00 0. 0. 0. 1.487074e-05 -1.426791e-06 -1.181053e-04 7.662420e-06 -7.660497e-06 7.271843e-05 2.341539e-05 0. 0. 0. -8.140088e-06 7.224395e-07 8.045024e-05 -4.789162e-06 3.730561e-06 -3.981984e-05 -1.203479e-05
9.809237e+00 0. 0. 0. 1.076503e-05 -1.035728e-06 -8.496240e-05 5.544388e-06 -5.567588e-06 5.267360e-05 1.694161e-05 0. 0. 0. -5.911139e-06 5.267561e-07 5.823291e-05 -3.500534e-06 2.724312e-06 -2.894339e-05 -8.738007e-06
9.847390e+00 0. 0. 0. 7.170018e-06 -6.916029e-07 -5.626065e-05 3.691296e-06 -3.721847e-06 3.510290e-05 1.127842e-05 0. 0. 0. -3.948441e-06 3.531636e-07 3.878246e-05 -2.352167e-06 1.829092e-06 -1.934983e-05 -5.835854e-06
9.885542e+00 0. 0. 0. 4.190859e-06 -4.051911e-07 -3.270677e-05 2.156729e-06 -2.182746e-06 2.052827e-05 6.589245e-06 0. 0. 0. -2.313986e-06 2.076768e-07 2.266642e-05 -1.385996e-06 1.076976e-06 -1.134894e-05 -3.419654e-06
9.923695e+00 0. 0. 0. 1.932704e-06 -1.872691e-07 -1.500752e-05 9.942681e-07 -1.009757e-06 9.471625e-06 3.037501e-06 0. 0. 0. -1.069766e-06 9.631073e-08 1.045231e-05 -6.439544e-07 5.000390e-07 -5.250486e-06 -1.580728e-06
9.961847e+00 0. 0. 0. 5.007009e-07 -4.861332e-08 -3.869674e-06 2.574975e-07 -2.623512e-07 2.454894e-06 7.866121e-07 0. 0. 0. -2.777735e-07 2.508016e-08 2.707666e-06 -1.679777e-07 1.303555e-07 -1.364250e-06 -4.104027e-07
1.000000e+01 0. 0. 0. 0. 0. 0. 0. 0. 0. 0. 0. 0. 0. 0. 0. 0. 0. 0. 0. 0.



repulsion_comment=
Tue Apr  8 12:46:20 2014
parameters r_cut = 3.0000 Ang, s = 8.0000, k =   3
Rh-O ontop;w=1.0|Rh-O fcc;w=1.0|Rh-O bridge;w=1.0|Repulsion by AJ Medford, used for coarse graining. Not publication quality.


repulsion=
0.18897259582 34.4597949065
0.244328204697 32.4979117391
0.299683813573 30.6212338993
0.35503942245 28.8272468157
0.410395031326 27.1134737235
0.465750640203 25.4774757406
0.521106249079 23.9168518487
0.576461857956 22.4292388981
0.631817466833 21.012311606
0.687173075709 19.6637825575
0.742528684586 18.3814022052
0.797884293462 17.1629588704
0.853239902339 16.0062787421
0.908595511215 14.9092258768
0.963951120092 13.8697021985
1.01930672897 12.8856474988
1.07466233785 11.9550394365
1.13001794672 11.0758935383
1.1853735556 10.246263198
1.24072916447 9.46423967713
1.29608477335 8.72795210466
1.35144038223 8.03556747702
1.4067959911 7.38529065818
1.46215159998 6.77536437956
1.51750720886 6.2040692401
1.57286281773 5.66972370621
1.62821842661 5.17068411181
1.68357403549 4.70534465832
1.73892964436 4.27213741463
1.79428525324 3.86953231713
1.84964086212 3.49603716971
1.90499647099 3.15019764376
1.96035207987 2.83059727814
2.01570768875 2.53585747921
2.07106329762 2.26463752083
2.1264189065 2.01563454436
2.18177451538 1.78758355863
2.23713012425 1.57925743997
2.29248573313 1.38946693222
2.34784134201 1.2170606467
2.40319695088 1.06092506248
2.45855255976 0.919984527209
2.51390816864 0.793201256291
2.56926377751 0.679575332622
2.62461938639 0.578144706591
2.67997499527 0.48798519608
2.73533060414 0.408210486463
2.79068621302 0.337972130608
2.8460418219 0.276459548874
2.90139743077 0.222900029114
2.95675303965 0.176558726672
3.01210864853 0.136738664386
3.0674642574 0.102780732587
3.12281986628 0.074063689098
3.17817547515 0.0500041592335
3.23353108403 0.0300566358021
3.28888669291 0.0137134791054
3.34424230178 0.00050491693396
3.39959791066 -0.0100009554163
3.45495351954 -0.0181981752001
3.51030912841 -0.0244429120326
3.56566473729 -0.029053468529
3.62102034617 -0.0323102781886
3.67637595504 -0.0344559122528
3.73173156392 -0.0356950582007
3.7870871728 -0.0361946498661
3.84244278167 -0.036090017539
3.89779839055 -0.0355004896395
3.95315399943 -0.0345341410535
4.0085096083 -0.0332876974653
4.06386521718 -0.0318465741456
4.11922082606 -0.0302848684583
4.17457643493 -0.0286653610662
4.22993204381 -0.0270395160955
4.28528765269 -0.0254474807889
4.34064326156 -0.023918086661
4.39599887044 -0.0224688448431
4.45135447932 -0.021105964926
4.50671008819 -0.019824293061
4.56206569707 -0.0186085895647
4.61742130595 -0.0174410875487
4.67277691482 -0.0163063733779
4.7281325237 -0.0151917645549
4.78348813258 -0.0140872424673
4.83884374145 -0.0129854724615
4.89419935033 -0.0118817980369
4.94955495921 -0.010774242505
5.00491056808 -0.00966350852064
5.06026617696 -0.00855297821328
5.11562178583 -0.00744871314934
5.17097739471 -0.00635945434754
5.22633300359 -0.00529662225774
5.28168861246 -0.00427431682263
5.33704422134 -0.00330931728017
5.39239983022 -0.00242108278724
5.44775543909 -0.00163175051188
5.50311104797 -0.000966141214547
5.55846665685 -0.000451743980976
5.61382226572 -0.000118753405104
5.6691778746 0.0
